Rv2956#228#N#S#snp
Rv2956#-62#C#T#snp
pca#191#A#V#snp
ddlA#365#T#A#snp
lppY#212#M#L#snp
cfp6#-10#T#C#snp
Rv3013#-96#C#T#snp
PPE46#216#Y#D#snp
serB2#116#G#E#snp
Rv3060c#-43#A#AGCTCGCCCGGTTGCGCGAGCAGACGCAGAATCGCCTCAAAATCTTGGATTTTGGGCGATTCTGCGTCT#ins
ligB#91#P#S#snp
cstA#559#R#S#snp
atsF#310#G#R#snp
Rv3093c#210#C#W#snp
prfB#-94#C#CT#ins
fprA#-9#C#CT#ins
moaA1#90#P#L#snp
Rv3113#20#D#A#snp
Rv3113#121#H#R#snp
cyp141#157#K#E#snp
Rv3137#168#P#L#snp
nuoG#474#I#M#snp
nuoG#604#T#A#snp
Rv3190c#138#L#P#snp
Rv3192#94#M#I#snp
Rv3204#34#T#A#snp
Rv3213c#144#K#E#snp
Rv3225c#43#M#T#snp
glpD2#512#Y#C#snp
glpD2#-81#C#A#snp
pmmB#439#V#A#snp
upp#-59#A#G#snp
sapM#-46#A#G#snp
Rv3311#378#P#R#snp
sdhD#54#V#L#snp
sigJ#41#P#Q#snp
sugI#423#P#L#snp
PPE54#103#E#A#snp
PPE54#396#I#T#snp
idsB#132#V#G#snp
Rv3399#330#A#E#snp
vapC47#46#S#L#snp
rplM#-85#GT#G#del
eccC4#1082#S#G#snp
rpsD#-67#C#T#snp
rpsK#121#S#L#snp
rmlB3#62#I#V#snp
PPE60#153#Y#F#snp
PPE60#282#E#Q#snp
Rv3479#174#L#R#snp
Rv3479#940#V#I#snp
echA19#86#G#D#snp
Rv3521#295#N#D#snp
ltp4#117#A#V#snp
ltp4#324#T#I#snp
ltp4#-45#T#C#snp
Rv3604c#250#G#V#snp
espA#192#T#I#snp
Rv3630#40#A#T#snp
Rv3654c#-89#TC#T#del
Rv3668c#229#P#L#snp
glpK#29#C#Y#snp
Rv3705c#196#G#S#snp
dnaQ#211#V#L#snp
Rv3714c#-27#G#C#snp
Rv3714c#-9#G#C#snp
Rv3718c#-81#T#C#snp
Rv3719#12#T#A#snp
cut5b#174#G#D#snp
cut5b#-68#C#A#snp
Rv3725#-88#C#T#snp
Rv3729#299#I#V#snp
ligC#313#R#H#snp
Rv3735#-14#C#T#snp
Rv3737#40#D#G#snp
PPE67#-5#T#G#snp
Rv3750c#-20#AC#A#del
proV#-24#T#C#snp
tcrY#246#C#R#snp
Rv3766#-97#T#A#snp
Rv3769#46#T#N#snp
Rv3776#329#M#V#snp
embA#608#T#N#snp
atsH#289#G#S#snp
pks13#656#S#C#snp
pks13#1100#R#W#snp
Rv3822#159#T#A#snp
whiB6#-76#AG#A#del
PPE68#-36#C#A#snp
eccE2#204#I#T#snp
eccE2#288#V#A#snp
PPE69#19#T#K#snp
eccC2#258#R#P#snp
Rv3896c#193#Q#K#snp
gid#91#L#V#snp
mmuM#125#Y#C#snp
gdh#1043#S#G#snp
Rv2481c#-54#T#C#snp
plsB2#778#C#R#snp
echA14#148#M#I#snp
Rv2492#-41#C#T#snp
bkdC#107#T#A#snp
accA1#195#D#E#snp
accA1#283#P#S#snp
fadD35#broken
Rv2513#122#T#K#snp
PE26#158#G#D#snp
Rv2542#211#T#A#snp
lppA#24#G#S#snp
Rv2561#broken
Rv2566#610#L#P#snp
Rv2567#645#Q#R#snp
Rv2575#67#D#A#snp
apt#147#A#E#snp
Rv2585c#462#C#S#snp
Rv2600#-51#A#G#snp
Rv2611c#102#I#M#snp
Rv2611c#197#S#C#snp
Rv2627c#104#R#G#snp
Rv2640c#-63#G#A#snp
cadI#-39#G#A#snp
Rv2650c#101#I#T#snp
Rv2656c#17#E#G#snp
Rv2688c#156#P#T#snp
ceoB#117#T#A#snp
suhB#257#A#V#snp
ppgK#203#I#T#snp
Rv2706c#-58#C#G#snp
Rv2707#-58#C#G#snp
Rv2729c#202#A#E#snp
Rv2752c#91#P#L#snp
hsdM#102#F#L#snp
Rv2771c#80#L#P#snp
pptT#87#M#V#snp
Rv2823c#101#-#YIA#ins
Rv2825c#2#K#E#snp
vapC22#-46#C#T#snp
vapB22#56#A#V#snp
dinF#177#C#R#snp
efpA#477#D#A#snp
vapC23#115#T#M#snp
dipZ#672#Y#D#snp
Rv2917#594#R#L#snp
glnD#200#D#N#snp
ppsA#broken
ppsC#1167#A#V#snp
pks15#333#V#A#snp
Rv2952#105#A#S#snp
Rv2955c#-61#C#T#snp
mce3F#396#A#E#snp
otsB1#-3#T#C#snp
Rv2017#262#A#E#snp
Rv2024c#47#W#R#snp
Rv2024c#154#D#G#snp
Rv2037c#312#C#Y#snp
Rv2039c#131#V#F#snp
pks12#2147#H#Q#snp
pks12#3649#P#A#snp
cobL#205#L#P#snp
Rv2079#47#Y#C#snp
Rv2082#638#P#R#snp
Rv2083#256#L#V#snp
pepE#218#D#G#snp
helZ#601#P#Q#snp
prcB#211#Y#H#snp
Rv2125#33#G#S#snp
dapE2#419#T#I#snp
murD#247#R#G#snp
PE_PGRS38#-87#T#C#snp
Rv2181#417#T#K#snp
TB16.3#73#E#D#snp
asnB#334#I#S#snp
Rv2226#299#D#N#snp
cobD#79#S#C#snp
Rv2262c#329#-#V#ins
cyp128#128#Y#D#snp
lppN#81#S#R#snp
Rv2280#5#T#P#snp
Rv2282c#186#K#E#snp
lppO#52#V#I#snp
Rv2295#135#E#K#snp
Rv2337c#119#G#V#snp
mbtF#589#E#D#snp
cysW#141#G#A#snp
Rv2407#63#-#HSDHIAE#ins
Rv2415c#-11#G#A#snp
nadD#-44#A#C#snp
rbsK#282#V#A#snp
rpfE#8#L#P#snp
rpfE#126#R#Q#snp
grcC2#321#I#V#snp
galU#235#Q#R#snp
metS#39#R#G#snp
metS#187#E#G#snp
tatD#187#T#N#snp
kdpD#368#P#S#snp
Rv1061#197#D#E#snp
Rv1063c#17#V#I#snp
Rv1075c#-48#T#C#snp
cbs#37#L#V#snp
glyA1#36#V#A#snp
Rv1129c#-48#A#G#snp
prpD#10#F#L#snp
PPE16#broken
omt#50#-#ID#ins
Rv1154c#123#T#A#snp
fadH#531#A#P#snp
Rv1179c#376#L#M#snp
Rv1179c#-40#T#TG#ins
Rv1179c#-39#T#C#snp
pks4#-43#T#G#snp
Rv1186c#207#P#A#snp
Rv1186c#362#N#D#snp
Rv1215c#490#E#K#snp
htrA#-33#A#AC#ins
Rv1230c#45#S#G#snp
Rv1232c#149#C#G#snp
corA#139#K#E#snp
pknH#607#R#Q#snp
embR#313#L#R#snp
Rv1271c#-43#C#G#snp
Rv1279#33#A#T#snp
Rv1291c#-88#T#C#snp
hemK#194#R#C#snp
atpG#91#A#V#snp
Rv1320c#189#L#P#snp
Rv1320c#531#T#A#snp
Rv1321#144#S#R#snp
dinG#-85#G#C#snp
pncB1#429#G#A#snp
mec#52#M#T#snp
fabG2#-21#C#T#snp
PPE19#249#V#M#snp
Rv1364c#465#A#E#snp
Rv1364c#-69#CGT#C#del
Rv1371#331#W#G#snp
Rv1374c#136#T#A#snp
Rv1378c#37#R#W#snp
cyp132#135#R#L#snp
Rv1432#-9#T#C#snp
Rv1435c#broken
tkt#18#Y#D#snp
Rv1453#405#P#Q#snp
Rv1459c#359#R#C#snp
Rv1462#183#N#D#snp
Rv1486c#198#K#N#snp
Rv1498c#191#R#H#snp
Rv1498c#-37#T#C#snp
Rv1502#213#Y#C#snp
Rv1506c#-21#G#C#snp
Rv1514c#51#A#E#snp
Rv1514c#112#K#E#snp
Rv1514c#188#C#R#snp
ileS#20#E#G#snp
dnaE1#1117#P#S#snp
plsB1#554#Q#P#snp
frdC#40#M#V#snp
ilvA#143#D#G#snp
bioD#191#M#T#snp
Rv1588c#24#D#A#snp
Rv1597#21#G#D#snp
impA#124#P#Q#snp
tsnR#232#L#P#snp
PE_PGRS30#broken
pks8#1357#A#T#snp
Rv1667c#-72#G#GCGCGGCAAGA#ins
fadE16#236#V#A#snp
Rv1682#19#S#F#snp
cycA#93#R#L#snp
Rv1733c#68#Q#H#snp
Rv1739c#134#R#L#snp
fadD1#468#Q#K#snp
mycP5#7#G#A#snp
eccE5#403#F#C#snp
eccA5#426#H#Y#snp
eccA5#-10#A#C#snp
PPE31#223#F#S#snp
PPE31#234#V#L#snp
PPE31#376#Q#H#snp
PPE33#252#V#L#snp
Rv1812c#30#L#P#snp
erg3#22#A#E#snp
Rv1815#83#I#F#snp
Rv1830#-35#T#C#snp
gnd1#89#2#del
blaR#-18#T#C#snp
adhA#-18#A#AC#ins
Rv1879#broken
Rv1883c#73#-#VCEVT#ins
fbpB#-3#A#G#snp
lipJ#204#I#M#snp
aao#246#I#M#snp
PPE34#462#P#T#snp
PPE34#676#S#A#snp
Rv1927#106#S#F#snp
Rv1957#55#P#S#snp
regX3#-10#TCTCCCCCGCAAGCGGGTGGTGCCC#T#del
regX3#-37#A#T#snp
Rv0497#200#A#T#snp
Rv0500B#broken
galE2#-26#A#G#snp
Rv0504c#24#G#E#snp
mmpL2#426#R#H#snp
Rv0518#-68#A#C#snp
galE3#289#A#V#snp
Rv0538#228#R#P#snp
pitA#49#P#S#snp
menD#-28#A#G#snp
Rv0556#15#L#R#snp
Rv0556#151#V#A#snp
Rv0572c#31#F#L#snp
TB27.3#broken
yrbE2B#-59#C#T#snp
mce2A#51#F#S#snp
mce2D#-36#A#C#snp
Rv0610c#33#R#Q#snp
Rv0658c#75#L#P#snp
vapB7#51#R#C#snp
rpoC#481#P#T#snp
mmpL5#948#I#V#snp
Rv0690c#145#R#S#snp
pqqE#302#R#Q#snp
secY#24#I#S#snp
PPE12#broken
phoR#172#P#L#snp
phoR#390#T#A#snp
cyp123#102#S#P#snp
Rv0776c#29#G#R#snp
Rv0785#408#C#F#snp
Rv0787#267#Y#H#snp
pepC#139#L#R#snp
pabC#145#I#M#snp
Rv0825c#57#Y#C#snp
cysK2#93#G#S#snp
fadA#150#S#G#snp
fadA#303#P#S#snp
PPE13#436#Q#P#snp
Rv0880#74#D#E#snp
Rv0881#115#G#R#snp
Rv0881#-48#G#A#snp
Rv0890c#657#L#F#snp
Rv0890c#866#P#A#snp
Rv0891c#37#V#G#snp
Rv0914c#-79#G#A#snp
pstA1#5#M#T#snp
ligD#344#C#R#snp
Rv0945#141#V#L#snp
purH#-54#A#G#snp
Rv0958#274#S#P#snp
lprP#186#P#L#snp
Rv0964c#124#P#T#snp
Rv0966c#175#V#A#snp
accD2#51#N#K#snp
pepD#390#L#P#snp
dnaN#-75#T#C#snp
recF#245#I#T#snp
gyrA#21#E#Q#snp
gyrA#80#T#A#snp
gyrA#95#S#T#snp
gyrA#668#G#D#snp
Rv0012#233#C#R#snp
pstP#283#R#H#snp
Rv0021c#-78#G#C#snp
whiB5#-62#G#A#snp
Rv0023#-91#G#A#snp
Rv0029#7#W#R#snp
Rv0030#-15#GC#G#del
bioF2#492#A#S#snp
bioF2#-69#T#C#snp
ponA1#631#P#S#snp
dnaB#552#R#G#snp
Rv0064#457#G#D#snp
Rv0064#733#N#D#snp
vapB1#-2#G#GCGCTATTCTAGCGTCAGATTAGCGCCAGAACAGCGCT#ins
Rv0068#214#V#L#snp
Rv0080#123#P#S#snp
Rv0094c#-49#G#A#snp
Rv0095c#57#D#E#snp
Rv0095c#62#D#A#snp
nrp#2468#A#V#snp
ctpB#22#L#S#snp
Rv0104#160#F#V#snp
ctpI#1571#S#F#snp
Rv0108c#-73#A#AC#ins
fusA2#562#N#S#snp
mak#18#S#P#snp
PE3#14#T#A#snp
mce1F#370#L#P#snp
bglS#106#Q#H#snp
Rv0187#139#D#G#snp
Rv0192#127#S#P#snp
Rv0193c#417#K#E#snp
Rv0194#74#M#T#snp
Rv0196#155#T#M#snp
fadD4#193#S#A#snp
fadE3#292#D#A#snp
Rv0218#316#C#R#snp
Rv0221#393#A#V#snp
nrdB#33#H#D#snp
gabD1#-98#G#A#snp
Rv0235c#329#L#F#snp
fadE5#4#Y#H#snp
Rv0259c#182#A#V#snp
Rv0259c#-96#C#A#snp
Rv0260c#294#R#C#snp
narK3#409#V#I#snp
oplA#685#4#del
fadD2#158#G#N#snp
Rv0276#204#I#V#snp
PPE3#257#E#K#snp
eccC3#214#P#R#snp
eccE3#217#N#D#snp
Rv0302#-42#T#G#snp
Rv0315#260#K#T#snp
Rv0318c#223#G#A#snp
Rv0323c#142#S#G#snp
Rv0338c#506#R#G#snp
Rv0338c#621#A#V#snp
iniA#394#Q#E#snp
PPE8#468#N#T#snp
PPE8#2436#5#del
PPE8#2499#20#del
mgtE#40#R#G#snp
Rv0365c#175#E#K#snp
Rv0387c#-95#A#AC#ins
PPE9#broken
Rv0395#80#V#A#snp
mutT3#174#A#V#snp
thiG#75#S#C#snp
ctpH#689#M#V#snp
Rv0435c#147#S#P#snp
rrs#889#G#A#snp
rrs#871#G#A#snp
rrs#868#A#G#snp
rrs#816#T#C#snp
rrs#810#C#T#snp
rrs#728#G#A#snp
rrs#712#C#T#snp
rrs#358#C#T#snp
mcr11#78#G#A#snp
mcr3#41#G#A#snp
-#72800#C#T#snp
-#262461#C#A#snp
-#310557#A#G#snp
-#319942#G#T#snp
-#351628#T#C#snp
-#590987#T#C#snp
-#842503#A#G#snp
-#996320#CGTGCCACCCCCTAG#C#del
-#1028794#C#T#snp
-#1093830#G#A#snp
-#1163457#G#A#snp
-#1163458#C#T#snp
-#1163649#A#G#snp
-#1163655#A#G#snp
-#1163658#C#T#snp
-#1163662#TTTTG#T#del
-#1163676#C#G#snp
-#1163679#G#A#snp
-#1163681#C#T#snp
-#1164216#G#C#snp
-#1291795#GGTCGTCAGACCCAAAACCCCGAGAGGGGACGGAAACTAGTACGCCATCTGTGCCTCATACAGGTCCAGTGCCCT#G#del
-#1529928#GC#G#del
-#1583513#A#G#snp
-#1590190#G#A#snp
-#1590451#GCC#G#del
-#1616372#G#A#snp
-#1658834#G#T#snp
-#1730874#A#C#snp
-#1957887#T#G#snp
-#2042965#AT#A#del
-#2053428#C#G#snp
-#2146473#A#C#snp
-#2182565#T#C#snp
-#2188239#A#G#snp
-#2203940#A#AG#ins
-#2240801#C#T#snp
-#2269133#G#A#snp
-#2282113#C#A#snp
-#2477544#C#T#snp
-#2546553#A#G#snp
-#2546834#G#A#snp
-#2575246#C#G#snp
-#2682695#T#C#snp
-#2798497#A#G#snp
-#2798884#A#AATCCCTGGCGCACCGGTACCG#ins
-#2873761#C#G#snp
-#2934437#G#T#snp
-#3147899#G#A#snp
-#3314899#A#C#snp
-#3336253#A#G#snp
-#3354616#A#C#snp
-#3425069#C#G#snp
-#3557270#TGG#T#del
-#3563060#G#A#snp
-#3601736#A#G#snp
-#3621841#GC#G#del
-#3630137#A#G#snp
-#3740269#A#AAC#ins
-#3908178#C#G#snp
-#3927658#G#A#snp
-#3943894#C#A#snp
-#3943911#A#C#snp
-#3943942#A#G#snp
-#3943947#C#G#snp
-#3943968#T#G#snp
-#3943975#T#G#snp
-#3943986#C#G#snp
-#3944006#G#C#snp
-#3944016#C#G#snp
-#3944022#G#GC#ins
-#4277693#G#A#snp
-#4332370#C#T#snp
-#4377488#A#G#snp
