Rv2956#-62#C#T#snp
Rv2959c#broken
Rv2960c#70#A#V#snp
Rv2971#152#N#H#snp
Rv2974c#-8#GGC#G#del
Rv2975c#broken
ddlA#365#T#A#snp
leuC#343#D#E#snp
Rv2990c#247#G#E#snp
Rv2991#93#A#T#snp
leuB#184#F#L#snp
lppY#212#M#L#snp
Rv3000#208#R#Q#snp
cfp6#-10#T#C#snp
pfkA#-15#C#A#snp
gatA#59#I#V#snp
trmU#201#K#R#snp
trmU#222#V#M#snp
Rv3030#247#T#N#snp
Rv3031#-82#G#T#snp
Rv3033#-69#G#A#snp
Rv3035#157#V#F#snp
Rv3040c#195#A#S#snp
serB2#116#G#E#snp
cyp136#445#D#G#snp
fadE22#215#A#V#snp
fadE22#-96#A#G#snp
ligB#91#P#S#snp
ligB#-61#A#G#snp
cstA#559#R#S#snp
atsF#310#G#R#snp
Rv3087#447#L#V#snp
tgs4#-77#G#C#snp
fadD13#-75#C#G#snp
Rv3093c#210#C#W#snp
Rv3096#28#E#G#snp
lipY#58#G#A#snp
prfB#-94#C#CT#ins
fprA#385#N#D#snp
fprA#-9#C#CT#ins
Rv3113#134#G#E#snp
Rv3114#11#S#P#snp
cyp141#broken
Rv3123#40#R#Q#snp
Rv3123#-13#C#A#snp
devS#283#I#T#snp
Rv3137#168#P#L#snp
pflA#271#T#P#snp
PPE52#400#K#Q#snp
nuoG#474#I#M#snp
nuoG#604#T#A#snp
nuoI#180#T#A#snp
nuoJ#-95#T#C#snp
Rv3161c#62#V#L#snp
Rv3174#9#V#A#snp
Rv3178#81#A#T#snp
Rv3188#-81#G#A#snp
Rv3190c#138#L#P#snp
Rv3190c#330#V#A#snp
Rv3190A#-49#T#C#snp
Rv3193c#843#R#Q#snp
Rv3195#178#M#I#snp
Rv3196A#-47#T#TCGACAAGCGC#ins
Rv3197#-81#T#TCGACAAGCGC#ins
nudC#237#Q#P#snp
nudC#268#A#P#snp
Rv3200c#12#N#D#snp
Rv3202c#748#V#A#snp
Rv3204#34#T#A#snp
Rv3209#93#P#Q#snp
Rv3213c#2#T#I#snp
Rv3213c#144#K#E#snp
Rv3222c#66#G#V#snp
sigH#151#E#D#snp
Rv3226c#49#H#Y#snp
Rv3233c#-21#C#CG#ins
kefB#106#V#A#snp
Rv3239c#126#G#R#snp
Rv3243c#158#L#F#snp
Rv3243c#-56#G#A#snp
lpqB#142#D#G#snp
mtrB#517#M#L#snp
manA#384#V#A#snp
pmmA#206#S#L#snp
manB#-64#GTGCGCAGTTCAC#G#del
wbbL1#283#4#del
rmlD#257#S#P#snp
purE#125#G#R#snp
birA#211#D#N#snp
usfY#-41#G#A#snp
lat#258#R#L#snp
Rv3292#295#G#C#snp
lhr#1059#K#E#snp
glpD2#-81#C#A#snp
lpdA#308#L#S#snp
amiB1#148#A#T#snp
amiB1#187#H#Y#snp
pmmB#440#S#G#snp
sapM#171#T#A#snp
deoA#309#R#W#snp
sdhD#54#V#L#snp
sigJ#41#P#Q#snp
Rv3329#122#Q#H#snp
sugI#423#P#L#snp
Rv3337#broken
PPE54#103#E#A#snp
PPE54#396#I#T#snp
PPE54#2157#I#T#snp
Rv3360#-35#C#T#snp
Rv3371#244#G#D#snp
Rv3371#339#R#G#snp
Rv3371#368#I#V#snp
echA18.1#-3#A#C#snp
amiD#153#P#S#snp
Rv3377c#31#G#V#snp
dxs2#-2#C#CGT#ins
idsB#132#V#G#snp
cmaA1#112#N#S#snp
Rv3395c#3#A#V#snp
Rv3395c#104#V#M#snp
Rv3395A#-90#C#T#snp
Rv3399#330#A#E#snp
Rv3403c#124#A#S#snp
vapC47#46#S#L#snp
guaB3#83#H#Y#snp
alr#268#D#G#snp
alr#288#R#S#snp
Rv3433c#443#S#A#snp
Rv3439c#281#G#V#snp
rplM#-85#GT#G#del
eccC4#1082#S#G#snp
cut3#61#I#V#snp
Rv3453#broken
Rv3454#-96#TA#T#del
rpsD#-24#G#T#snp
rpsK#135#K#N#snp
rmlC#149#T#A#snp
Rv3467#315#K#E#snp
rmlB3#62#I#V#snp
mhpE#156#R#P#snp
kgtP#81#L#F#snp
kgtP#144#A#V#snp
PPE60#118#L#V#snp
Rv3479#broken
Rv3483c#159#R#M#snp
otsA#334#V#L#snp
yrbE4A#-91#T#TGG#ins
Rv3510c#66#L#V#snp
echA19#86#G#D#snp
Rv3521#295#N#D#snp
ltp4#324#T#I#snp
ltp4#-45#T#C#snp
PPE63#422#T#M#snp
ltp2#75#S#A#snp
Rv3542c#218#H#Y#snp
fadE29#-42#G#A#snp
Rv3551#7#A#S#snp
Rv3555c#214#V#F#snp
Rv3555c#268#W#R#snp
PPE64#broken
Rv3559c#221#A#V#snp
fadD3#404#T#N#snp
fadE32#206#E#V#snp
fadE32#275#W#S#snp
nat#251#E#K#snp
hsaB#179#I#T#snp
hsaA#18#N#D#snp
Rv3579c#302#E#A#snp
Rv3586#288#T#A#snp
mutY#237#A#D#snp
lpqF#297#F#L#snp
ftsH#344#V#A#snp
espA#192#T#I#snp
espA#241#G#R#snp
espA#-41#G#T#snp
mesJ#-46#G#A#snp
Rv3626c#329#G#D#snp
Rv3627c#45#A#V#snp
Rv3627c#81#A#V#snp
Rv3630#40#A#T#snp
Rv3630#142#S#P#snp
Rv3631#156#G#S#snp
Rv3635#429#P#L#snp
Rv3639c#53#K#N#snp
Rv3645#402#G#S#snp
Rv3649#93#L#P#snp
Rv3654c#-89#TC#T#del
Rv3660c#30#P#L#snp
Rv3660c#212#D#G#snp
Rv3662c#34#A#T#snp
dppA#337#R#H#snp
dppA#443#R#Q#snp
Rv3671c#363#I#V#snp
cyp137#192#V#I#snp
Rv3689#119#V#L#snp
glpK#460#V#A#snp
vapC48#34#G#R#snp
Rv3698#265#R#C#snp
gshA#9#A#S#snp
dnaQ#76#G#D#snp
dnaQ#164#V#A#snp
dnaQ#211#V#L#snp
Rv3712#351#K#T#snp
Rv3718c#-81#T#C#snp
Rv3719#12#T#A#snp
cut5a#broken
Rv3726#251#R#S#snp
Rv3727#299#R#C#snp
Rv3728#710#R#Q#snp
Rv3729#broken
ligC#313#R#H#snp
Rv3732#119#G#S#snp
Rv3735#-39#C#A#snp
Rv3736#160#P#R#snp
Rv3737#40#D#G#snp
PPE67#-15#T#G#snp
ctpJ#578#V#A#snp
ctpJ#642#G#A#snp
Rv3748#107#G#D#snp
Rv3748#-47#T#C#snp
Rv3748#-95#C#CA#ins
Rv3750c#-20#AC#A#del
proW#-68#G#A#snp
proV#351#G#R#snp
proV#-24#T#C#snp
proX#85#L#P#snp
tcrY#45#H#R#snp
tcrY#246#C#R#snp
Rv3770c#98#P#A#snp
hisC2#142#T#A#snp
lipE#46#A#P#snp
lipE#248#P#L#snp
Rv3777#160#V#A#snp
Rv3786c#-37#C#T#snp
embC#270#T#I#snp
embC#661#L#I#snp
embA#383#P#S#snp
embB#378#E#A#snp
pks13#523#A#G#snp
fadD32#523#A#V#snp
ubiA#149#E#D#snp
glfT2#261#L#P#snp
Rv3822#103#N#T#snp
Rv3822#214#A#V#snp
mmpL8#235#G#R#snp
mmpL8#526#V#A#snp
mmpL8#772#G#S#snp
Rv3829c#445#L#P#snp
Rv3833#105#V#I#snp
serS#-77#C#T#snp
Rv3835#-56#C#T#snp
Rv3839#122#P#S#snp
Rv3843c#11#G#R#snp
Rv3843c#92#R#H#snp
ethA#337#I#V#snp
gltD#423#R#H#snp
gltB#553#Q#E#snp
gltB#933#N#S#snp
whiB6#-76#AG#A#del
espE#376#-#EGAA#ins
eccCa1#79#M#T#snp
PPE68#-36#C#A#snp
eccD1#40#A#T#snp
espL#25#D#H#snp
eccE1#346#G#A#snp
eccA2#215#E#G#snp
eccA2#543#N#D#snp
Rv3888c#82#4#del
Rv3888c#166#G#A#snp
esxC#broken
esxD#49#T#A#snp
PPE69#19#T#K#snp
PPE69#196#A#V#snp
PE36#9#A#T#snp
eccC2#258#R#P#snp
Rv3896c#186#I#V#snp
Rv3896c#193#Q#K#snp
Rv3897c#-15#T#C#snp
Rv3898c#broken
Rv3900c#18#P#A#snp
Rv3901c#64#V#M#snp
Rv3909#7#G#R#snp
Rv3909#399#N#S#snp
Rv3910#543#R#W#snp
trxB2#31#L#V#snp
trxB2#57#D#G#snp
parA#-57#A#G#snp
Rv3920c#110#R#W#snp
Rv3920c#-26#G#A#snp
Rv3920c#-23#T#C#snp
mmuM#125#Y#C#snp
tig#118#P#L#snp
Rv2469c#28#S#G#snp
Rv2469c#99#A#S#snp
gdh#294#P#S#snp
gdh#497#1#del
gdh#1043#S#G#snp
Rv2477c#346#R#C#snp
Rv2481c#-54#T#C#snp
plsB2#16#D#G#snp
plsB2#778#C#R#snp
plsC#189#C#G#snp
plsC#-76#G#A#snp
Rv2484c#466#G#D#snp
Rv2492#70#A#D#snp
bkdC#107#T#A#snp
scoB#-56#C#T#snp
scoA#230#R#W#snp
Rv2508c#284#A#E#snp
Rv2513#122#T#K#snp
Rv2514c#98#A#V#snp
ldtB#25#M#I#snp
ldtB#-34#C#T#snp
fas#178#A#V#snp
fas#672#G#A#snp
fas#2771#C#R#snp
Rv2529#203#1#del
vapB39#15#A#V#snp
adi#787#I#T#snp
nusB#19#A#D#snp
Rv2542#211#T#A#snp
vapB20#-22#G#A#snp
alaS#226#K#N#snp
Rv2559c#317#G#D#snp
Rv2560#210#V#L#snp
Rv2561#broken
Rv2566#10#G#S#snp
Rv2566#90#L#V#snp
Rv2566#531#A#V#snp
Rv2566#610#L#P#snp
Rv2567#645#Q#R#snp
Rv2569c#29#D#E#snp
Rv2569c#-50#G#A#snp
Rv2570#-54#G#A#snp
aspS#515#A#V#snp
aspS#-68#T#C#snp
Rv2577#17#G#E#snp
hisS#410#M#T#snp
hisS#-32#C#T#snp
Rv2581c#214#R#C#snp
apt#147#A#E#snp
Rv2585c#462#C#S#snp
secF#309#A#T#snp
fadD9#906#3#del
fadD9#909#T#S#snp
vapC40#77#C#R#snp
Rv2599#12#S#I#snp
Rv2599#130#G#S#snp
Rv2600#-51#A#G#snp
PPE42#281#P#S#snp
Rv2611c#102#I#M#snp
Rv2611c#197#S#C#snp
TB31.7#43#A#T#snp
Rv2624c#7#P#L#snp
Rv2627c#104#R#G#snp
Rv2627c#144#T#M#snp
Rv2628#59#S#L#snp
Rv2631#-1#CA#C#del
clpC2#70#M#I#snp
Rv2668#162#E#K#snp
Rv2669#-67#C#T#snp
Rv2672#317#H#D#snp
echA15#broken
Rv2683#84#L#S#snp
arsB1#378#A#G#snp
Rv2688c#156#P#T#snp
ceoB#57#V#M#snp
ceoB#117#T#A#snp
ceoC#133#I#V#snp
Rv2694c#68#R#S#snp
Rv2695#-13#C#T#snp
suhB#43#D#A#snp
ppgK#203#I#T#snp
sigB#-92#C#A#snp
Rv2714#181#S#W#snp
Rv2714#245#V#A#snp
Rv2719c#124#Y#H#snp
fadE20#20#R#C#snp
fadE20#-86#A#G#snp
dapF#-42#T#A#snp
miaA#310#W#R#snp
Rv2729c#202#A#E#snp
Rv2730#105#D#N#snp
Rv2731#312#A#G#snp
recA#566#Q#P#snp
PE_PGRS47#58#H#Y#snp
Rv2743c#-77#C#T#snp
35kd_ag#230#R#Q#snp
35kd_ag#252#P#L#snp
hsdM#306#L#P#snp
hsdM#458#K#N#snp
PPE43#263#P#R#snp
PE27#54#P#S#snp
PE27#270#V#M#snp
PPE44#194#F#S#snp
Rv2771c#80#L#P#snp
Rv2779c#9#M#I#snp
Rv2779c#-34#A#G#snp
ald#broken
rpsO#30#A#S#snp
pptT#87#M#V#snp
pptT#148#W#C#snp
lppV#159#C#F#snp
Rv2800#40#V#I#snp
Rv2804c#73#A#V#snp
Rv2805#4#G#D#snp
Rv2807#72#E#V#snp
Rv2813#76#I#V#snp
Rv2823c#101#-#YIA#ins
Rv2825c#2#K#E#snp
Rv2825c#108#C#G#snp
Rv2825c#162#S#C#snp
Rv2825c#189#V#L#snp
Rv2825c#192#T#Q#snp
Rv2825c#195#A#E#snp
vapC22#-46#C#T#snp
vapC22#-14#T#G#snp
vapB22#56#A#V#snp
vapB22#67#S#A#snp
vapB22#-13#A#G#snp
echA16#-34#A#G#snp
Rv2840c#29#Y#H#snp
Rv2840c#-98#C#T#snp
Rv2842c#100#R#H#snp
glnA4#146#T#N#snp
mapB#125#G#R#snp
Rv2862c#50#C#R#snp
rip#259#V#F#snp
dipZ#672#Y#D#snp
Rv2876#44#W#R#snp
merT#35#Y#H#snp
Rv2891#188#Q#K#snp
PPE45#broken
pknI#64#A#V#snp
Rv2917#594#R#L#snp
glnB#64#V#I#snp
smc#364#L#R#snp
fadD26#132#A#E#snp
fadD26#240#M#V#snp
ppsA#broken
ppsB#1270#R#L#snp
ppsE#992#T#N#snp
ppsE#1101#N#D#snp
drrA#309#H#D#snp
drrB#-68#G#C#snp
mas#361#A#V#snp
mas#613#G#R#snp
mas#1706#A#G#snp
pks1#-30#C#CG#ins
pks15#333#V#A#snp
pks15#374#G#R#snp
Rv2955c#-61#C#T#snp
Rv1978#136#A#T#snp
Rv1979c#286#D#G#snp
nrdF1#5#L#R#snp
Rv1998c#230#S#R#snp
otsB1#-3#T#C#snp
Rv2017#258#Q#E#snp
Rv2017#262#A#E#snp
Rv2024c#47#W#R#snp
Rv2024c#154#D#G#snp
Rv2024c#289#R#C#snp
dosT#16#L#V#snp
Rv2034#-5#C#A#snp
Rv2036#93#A#V#snp
Rv2037c#312#C#Y#snp
Rv2039c#131#V#F#snp
pks12#2147#H#Q#snp
pks12#3649#P#A#snp
cobM#145#I#M#snp
cobL#broken
Rv2078#6#E#G#snp
Rv2079#47#Y#C#snp
Rv2079#229#A#T#snp
Rv2079#544#G#A#snp
lppJ#23#V#A#snp
Rv2082#638#P#R#snp
Rv2083#54#A#T#snp
Rv2083#256#L#V#snp
Rv2084#253#D#E#snp
Rv2090#82#L#I#snp
Rv2090#358#F#L#snp
helY#178#T#M#snp
helZ#601#P#Q#snp
prcA#135#R#P#snp
prcA#182#R#G#snp
Rv2113#108#G#R#snp
Rv2113#-69#GGTCGGCGGGCCTTGCTTGATGCCCGCCTCCTCAGCGGCCCGCTGCGCGGCCCGCATC#G#del
Rv2120c#-16#G#C#snp
hisG#222#S#P#snp
PPE37#448#G#E#snp
metH#14#L#F#snp
metH#752#I#V#snp
metH#1149#R#G#snp
Rv2125#33#G#S#snp
ansP1#9#G#D#snp
ansP1#361#N#K#snp
murG#36#V#L#snp
murD#55#V#F#snp
murD#247#R#G#snp
Rv2160A#155#C#R#snp
Rv2160c#63#V#A#snp
PE_PGRS38#-87#T#C#snp
PE_PGRS38#-26#T#C#snp
Rv2165c#158#G#D#snp
Rv2170#-15#C#T#snp
idsA2#246#A#T#snp
mptA#451#A#S#snp
Rv2175c#17#P#L#snp
pknL#52#S#A#snp
aroG#265#D#E#snp
Rv2181#69#L#F#snp
TB16.3#-39#T#C#snp
fadD15#broken
Rv2191#39#R#S#snp
Rv2191#78#A#T#snp
qcrC#228#K#Q#snp
Rv2197c#202#A#S#snp
Rv2206#-31#T#G#snp
cobS#155#L#S#snp
Rv2209#291#G#E#snp
Rv2212#331#L#I#snp
pepB#210#F#L#snp
dlaT#338#A#V#snp
Rv2226#299#D#N#snp
cobD#5#T#I#snp
cobD#79#S#C#snp
Rv2239c#-60#C#A#snp
Rv2240c#190#T#K#snp
aceE#777#A#T#snp
Rv2248#-76#C#T#snp
Rv2251#382#M#T#snp
Rv2252#-15#A#G#snp
Rv2262c#329#-#V#ins
lppO#62#V#A#snp
sseB#262#E#A#snp
Rv2295#-2#T#TG#ins
Rv2295#-4#T#C#snp
htpG#broken
Rv2302#-57#G#T#snp
Rv2305#148#G#D#snp
Rv2306A#47#I#V#snp
Rv2307c#24#M#T#snp
Rv2307c#235#R#W#snp
uspA#127#V#L#snp
Rv2319c#73#R#C#snp
rocE#178#A#E#snp
rocD2#26#P#S#snp
Rv2323c#72#V#I#snp
mez#62#E#D#snp
stp#69#D#Y#snp
Rv2337c#119#G#V#snp
mmpL9#64#A#T#snp
PE_PGRS39#283#G#R#snp
Rv2345#33#S#P#snp
Rv2345#375#D#E#snp
esxO#22#G#A#snp
esxO#23#L#S#snp
esxO#-32#A#G#snp
esxO#-24#T#C#snp
esxO#-19#G#A#snp
esxO#-17#G#T#snp
esxP#58#A#T#snp
PPE40#379#10#del
zur#55#A#V#snp
zur#60#V#A#snp
zur#64#H#R#snp
Rv2360c#66#A#T#snp
mbtF#589#E#D#snp
mbtB#978#L#F#snp
mbtI#155#I#V#snp
ggtB#395#R#Q#snp
Rv2395#548#S#P#snp
aprB#17#4#del
cysW#141#G#A#snp
subI#166#R#L#snp
lepA#47#T#I#snp
Rv2407#150#T#K#snp
Rv2413c#294#A#T#snp
Rv2414c#-37#G#T#snp
Rv2415c#291#R#L#snp
Rv2415c#-11#G#A#snp
nadD#-44#A#C#snp
Rv2422#-26#C#T#snp
Rv2426c#173#A#V#snp
Rv2426c#-39#GGCTAGAGGAGACCCGATCGT#G#del
ahpD#broken
rbsK#282#V#A#snp
proB#226#A#S#snp
obg#149#S#P#snp
dctA#-16#A#G#snp
rpfE#126#R#Q#snp
Rv0987#717#F#V#snp
Rv0987#-58#C#A#snp
Rv0988#57#V#I#snp
grcC2#321#I#V#snp
Rv0990c#54#S#A#snp
Rv0990c#68#A#V#snp
Rv0992c#3#M#I#snp
galU#235#Q#R#snp
moeA1#230#C#G#snp
Rv0996#303#E#Q#snp
Rv1002c#115#V#L#snp
Rv1004c#-27#G#C#snp
metS#39#R#C#snp
tatD#187#T#N#snp
Rv1012#58#S#N#snp
lpqU#33#T#P#snp
eno#8#R#G#snp
kdpD#295#G#D#snp
kdpD#368#P#S#snp
kdpD#629#A#D#snp
kdpD#714#A#T#snp
kdpB#66#T#I#snp
kdpB#304#V#A#snp
trcS#418#T#A#snp
Rv1050#-40#CA#C#del
Rv1056#63#D#G#snp
PE_PGRS19#111#L#W#snp
PE_PGRS19#137#G#S#snp
Rv1073#-62#C#G#snp
Rv1075c#-48#T#C#snp
pra#171#I#T#snp
Rv1086#259#S#R#snp
coaA#3#R#W#snp
glyA1#36#V#A#snp
glyA1#-4#C#A#snp
desA2#-57#G#T#snp
phoH2#393#A#V#snp
Rv1096#272#P#S#snp
Rv1096#-18#A#G#snp
Rv1097c#42#Q#K#snp
mazF3#65#T#I#snp
Rv1112#77#V#I#snp
gnd2#218#T#I#snp
Rv1125#101#S#G#snp
ppdK#69#G#E#snp
ppdK#350#T#P#snp
Rv1128c#270#E#G#snp
Rv1128c#-56#G#A#snp
Rv1129c#-28#T#C#snp
prpD#3#D#G#snp
PPE16#broken
Rv1147#62#P#L#snp
Rv1148c#445#H#K#snp
Rv1148c#454#P#A#snp
Rv1151c#145#R#Q#snp
Rv1154c#123#T#A#snp
Rv1155#86#A#G#snp
Rv1155#115#S#P#snp
Rv1159A#-14#T#C#snp
mutT2#-13#T#C#snp
PE12#133#Q#H#snp
fbiC#-32#T#C#snp
fadH#210#C#S#snp
fadH#649#I#S#snp
Rv1178#318#A#V#snp
Rv1179c#-40#T#TG#ins
Rv1179c#-39#T#C#snp
pks4#1253#L#F#snp
pks4#-43#T#G#snp
Rv1186c#207#P#A#snp
PPE18#157#-#AA#ins
PPE18#235#R#L#snp
PPE18#249#M#V#snp
PPE18#272#1#del
PPE18#279#Q#E#snp
esxK#-81#A#G#snp
esxL#12#A#D#snp
Rv1204c#454#T#M#snp
folP2#-19#T#C#snp
PE14#39#S#P#snp
Rv1215c#169#A#S#snp
Rv1216c#-63#A#G#snp
Rv1218c#243#Q#R#snp
htrA#288#F#L#snp
htrA#445#S#N#snp
htrA#-33#A#ACC#ins
tatB#8#W#G#snp
Rv1225c#197#A#S#snp
Rv1226c#450#V#A#snp
Rv1230c#45#S#G#snp
Rv1230c#208#W#R#snp
Rv1232c#15#M#T#snp
Rv1232c#149#C#G#snp
Rv1232c#274#G#W#snp
Rv1233c#broken
corA#139#K#E#snp
mdh#326#L#I#snp
vapB33#-23#C#A#snp
vapB33#-90#G#T#snp
lpqZ#242#Q#K#snp
Rv1245c#38#V#I#snp
Rv1248c#442#R#H#snp
Rv1248c#764#V#M#snp
Rv1250#278#R#G#snp
deaD#143#M#V#snp
Rv1258c#219#V#A#snp
Rv1262c#104#P#R#snp
Rv1264#broken
pknH#529#D#N#snp
pknH#607#R#Q#snp
embR#239#L#V#snp
lprB#168#L#P#snp
lprC#-52#A#G#snp
oppD#360#R#L#snp
Rv1289#-33#G#C#snp
thrB#241#P#S#snp
hemK#194#R#C#snp
Rv1301#196#P#Q#snp
rfe#357#V#G#snp
atpF#-70#C#A#snp
alkA#12#I#V#snp
Rv1320c#315#R#C#snp
Rv1320c#531#T#A#snp
Rv1321#144#S#R#snp
fadA4#262#Q#H#snp
glgB#40#D#G#snp
glgB#468#P#S#snp
glgB#470#S#P#snp
glgB#725#A#T#snp
glgP#801#A#S#snp
dinG#-85#G#C#snp
pncB1#429#G#A#snp
rphA#185#R#P#snp
lprD#81#E#A#snp
mbtN#380#V#M#snp
mbtK#208#T#M#snp
irtA#653#A#T#snp
Rv1354c#-16#A#G#snp
moeY#81#L#P#snp
moeY#714#H#R#snp
Rv1358#912#A#V#snp
PPE19#30#K#Q#snp
Rv1364c#465#A#E#snp
Rv1364c#488#R#C#snp
rsfA#82#E#K#snp
Rv1367c#169#I#V#snp
Rv1373#231#P#L#snp
Rv1374c#136#T#A#snp
Rv1375#86#G#R#snp
Rv1376#236#R#P#snp
Rv1376#395#W#R#snp
Rv1378c#37#R#W#snp
carB#821#A#E#snp
cyp132#135#R#L#snp
PE_PGRS25#66#R#S#snp
vapC10#103#D#G#snp
lipI#248#A#V#snp
Rv1405c#-82#A#G#snp
fmu#427#I#L#snp
ribG#30#K#N#snp
ribG#71#A#T#snp
ribG#236#P#L#snp
Rv1419#50#A#T#snp
Rv1419#150#D#N#snp
uvrC#-90#C#T#snp
whiA#167#L#I#snp
Rv1425#343#P#L#snp
Rv1431#65#N#T#snp
Rv1432#-9#T#C#snp
Rv1435c#broken
PE_PGRS26#78#Q#H#snp
bisC#130#M#P#snp
opcA#192#R#P#snp
tal#244#T#A#snp
tkt#18#Y#D#snp
tkt#381#S#L#snp
ctaB#68#A#T#snp
PE_PGRS28#16#S#L#snp
Rv1453#405#P#Q#snp
Rv1453#-17#G#A#snp
Rv1459c#113#K#E#snp
Rv1462#183#N#D#snp
trxB1#-52#G#A#snp
echA12#78#P#S#snp
acn#-14#C#T#snp
inhA#78#V#A#snp
Rv1486c#48#H#N#snp
Rv1486c#198#K#N#snp
Rv1489A#23#K#E#snp
mutA#256#V#M#snp
mazE4#90#R#W#snp
mazF4#-32#G#A#snp
Rv1498c#191#R#H#snp
Rv1498A#broken
Rv1499#-62#T#C#snp
Rv1500#41#D#Y#snp
Rv1501#58#R#G#snp
Rv1502#213#Y#C#snp
Rv1503c#116#E#K#snp
Rv1503c#-3#T#G#snp
Rv1504c#broken
Rv1506c#-57#C#CACCG#ins
Rv1508c#16#P#S#snp
Rv1508c#149#W#C#snp
Rv1508A#-17#C#T#snp
Rv1510#377#A#T#snp
Rv1510#-83#T#G#snp
Rv1515c#261#V#F#snp
Rv1517#188#L#F#snp
Rv1520#204#A#S#snp
mmpL12#381#S#P#snp
mmpL12#979#T#A#snp
Rv1523#224#E#Q#snp
pks5#29#G#V#snp
pks5#532#P#T#snp
pks5#881#T#I#snp
dinX#69#L#V#snp
fadD11.1#broken
frdC#40#M#V#snp
Rv1556#-74#A#G#snp
Rv1566c#169#T#P#snp
Rv1567c#27#V#I#snp
Rv1567c#-23#C#T#snp
bioA#278#I#V#snp
bioF1#-39#C#T#snp
bioD#191#M#T#snp
Rv1572c#19#H#P#snp
Rv1573#-71#A#C#snp
Rv1592c#322#I#V#snp
nadC#64#N#D#snp
Rv1597#21#G#D#snp
hisD#97#V#M#snp
impA#124#P#Q#snp
hisF#121#P#L#snp
hisF#146#P#Q#snp
trpC#5#T#I#snp
pykA#220#E#D#snp
cydB#98#M#I#snp
Rv1624c#178#T#A#snp
cya#207#R#H#snp
Rv1626#109#M#I#snp
Rv1627c#80#P#S#snp
uvrB#32#A#S#snp
Rv1634#198#G#R#snp
Rv1634#459#S#F#snp
uvrA#938#A#S#snp
tsnR#232#L#P#snp
pheS#276#A#D#snp
pheT#212#A#V#snp
argF#37#Q#P#snp
pks7#853#T#K#snp
pks8#1260#R#G#snp
pks8#1357#A#T#snp
pks17#117#A#S#snp
pks9#35#A#T#snp
pks9#350#A#P#snp
cmr#59#V#A#snp
Rv1682#-67#T#C#snp
Rv1686c#20#V#F#snp
Rv1687c#102#D#N#snp
cycA#93#R#L#snp
cycA#-14#C#T#snp
PPE22#313#L#V#snp
PPE23#37#S#P#snp
Rv1707#272#S#A#snp
Rv1708#56#A#T#snp
scpA#139#A#S#snp
Rv1716#178#S#G#snp
Rv1725c#-13#C#T#snp
Rv1726#-88#C#T#snp
Rv1729c#broken
Rv1733c#68#Q#H#snp
narX#77#D#G#snp
narK2#-64#T#C#snp
Rv1739c#134#R#L#snp
vapC34#67#K#T#snp
Rv1742#-57#T#G#snp
pknE#477#A#T#snp
PPE24#488#N#T#snp
Rv1771#200#E#Q#snp
Rv1776c#-59#C#T#snp
cyp144#-42#C#T#snp
eccB5#41#R#H#snp
eccC5#-21#A#C#snp
eccD5#220#P#L#snp
eccD5#261#G#D#snp
PPE28#144#C#W#snp
PPE28#253#F#V#snp
PPE29#147#A#S#snp
PPE30#broken
PE_PGRS32#-17#A#G#snp
PPE31#223#F#S#snp
PPE31#234#V#L#snp
PPE32#301#G#A#snp
PPE32#-14#C#T#snp
PPE33#252#V#L#snp
mgtC#107#A#V#snp
mgtC#-4#G#A#snp
Rv1812c#30#L#P#snp
Rv1815#83#I#F#snp
bacA#603#I#V#snp
Rv1825#53#R#W#snp
gcvH#80#E#A#snp
Rv1830#-87#G#A#snp
gcvB#448#T#A#snp
Rv1841c#106#-#AVAL#ins
Rv1841c#-58#T#C#snp
Rv1842c#437#L#S#snp
guaB1#-17#A#G#snp
gnd1#89#2#del
blaR#-18#T#C#snp
Rv1847#90#V#L#snp
modC#313#T#M#snp
apa#136#F#L#snp
adhA#broken
Rv1866#642#A#V#snp
Rv1867#5#P#S#snp
lldD2#59#G#A#snp
lldD2#176#V#A#snp
lldD2#258#L#V#snp
lldD2#-18#A#C#snp
Rv1873#-5#A#C#snp
Rv1877#-41#G#A#snp
Rv1879#-96#G#T#snp
Rv1883c#73#-#VCEVT#ins
fbpB#-3#A#G#snp
Rv1896c#203#E#G#snp
lppD#123#L#P#snp
lipJ#204#I#M#snp
Rv1903#131#T#A#snp
aao#240#P#T#snp
katG#463#R#L#snp
fadB5#328#D#G#snp
Rv1914c#131#A#T#snp
aceAa#179#G#D#snp
PPE34#676#S#A#snp
PPE35#broken
Rv1920#130#M#I#snp
lipD#73#G#D#snp
lipD#309#T#M#snp
fadD31#-14#A#G#snp
Rv1944c#4#D#E#snp
Rv1944c#5#T#A#snp
Rv1945#243#V#L#snp
Rv1945#326#N#H#snp
Rv1945#-66#T#G#snp
Rv1945#-67#A#G#snp
Rv1948c#2#T#P#snp
Rv1948c#5#G#R#snp
Rv1949c#broken
Rv0465c#36#N#D#snp
Rv0465c#73#V#A#snp
Rv0465c#106#C#R#snp
icl1#353#A#T#snp
Rv0484c#140#I#L#snp
Rv0488#177#T#R#snp
Rv0493c#174#S#G#snp
proC#227#E#D#snp
galE2#281#G#R#snp
mmpL2#349#T#I#snp
mmpL2#426#R#H#snp
mmpL2#509#D#Y#snp
mmpL2#722#S#C#snp
Rv0518#-68#A#C#snp
Rv0523c#111#R#Q#snp
Rv0538#228#R#P#snp
Rv0538#-22#T#C#snp
pitA#49#P#S#snp
menC#-51#G#A#snp
Rv0556#15#L#R#snp
htpX#242#E#G#snp
gpdA1#190#T#A#snp
gpdA1#-37#A#C#snp
Rv0565c#347#G#S#snp
Rv0567#201#F#L#snp
nrdZ#595#A#T#snp
Rv0572c#31#F#L#snp
pncB2#37#F#S#snp
Rv0575c#172#E#A#snp
Rv0575c#174#Y#C#snp
Rv0576#233#R#H#snp
Rv0585c#-18#T#C#snp
mce2A#51#F#S#snp
mce2A#85#P#L#snp
mce2B#77#V#I#snp
Rv0590A#-11#G#GC#ins
mce2C#397#T#N#snp
mce2D#-36#A#C#snp
mce2D#-51#T#G#snp
lpqO#180#S#P#snp
lpqO#299#A#T#snp
Rv0610c#103#N#S#snp
Rv0610c#-79#G#C#snp
Rv0611c#119#E#D#snp
galTb#174#T#A#snp
galK#73#2#del
galK#199#C#R#snp
galK#-23#T#C#snp
vapB5#5#A#V#snp
recB#811#V#F#snp
recC#329#G#E#snp
mmaA4#95#F#L#snp
mmaA2#114#R#L#snp
Rv0658c#75#L#P#snp
atsD#349#D#G#snp
rpoB#388#S#L#snp
rpoB#639#E#D#snp
Rv0669c#broken
end#212#G#C#snp
mmpL5#794#T#I#snp
mmpL5#948#I#V#snp
Rv0681#119#A#P#snp
Rv0698#broken
atsA#226#W#C#snp
rplO#16#I#T#snp
sppA#357#S#N#snp
fucA#6#A#D#snp
serA2#242#R#H#snp
xylB#134#L#P#snp
vapB31#50#V#G#snp
mmsA#358#D#N#snp
PPE12#broken
Rv0756c#-96#C#T#snp
phoP#-46#C#T#snp
phoR#71#G#I#snp
phoR#172#P#L#snp
purD#141#G#S#snp
Rv0774c#203#T#A#snp
purB#422#T#P#snp
Rv0785#408#C#F#snp
Rv0787#267#Y#H#snp
Rv0792c#157#L#I#snp
pepC#139#L#R#snp
cpsY#2#P#A#snp
pabC#145#I#M#snp
Rv0818#97#L#P#snp
Rv0822c#89#H#P#snp
Rv0822c#-39#C#T#snp
Rv0823c#130#G#C#snp
Rv0825c#57#Y#C#snp
Rv0825c#58#F#L#snp
Rv0826#234#P#S#snp
lpqR#240#-#DGPG#ins
Rv0841#8#H#N#snp
narL#18#P#L#snp
Rv0845#219#A#E#snp
lpqS#128#A#V#snp
cysK2#93#G#S#snp
Rv0851c#59#S#G#snp
pdc#-24#G#T#snp
Rv0854#-41#G#T#snp
Rv0856#-12#GA#G#del
fadA#150#S#G#snp
fadA#300#L#R#snp
Rv0862c#160#D#E#snp
Rv0862c#749#L#S#snp
moaA2#92#V#A#snp
Rv0876c#8#R#P#snp
PPE13#436#Q#K#snp
Rv0881#115#G#R#snp
Rv0888#271#Y#H#snp
Rv0890c#866#P#A#snp
Rv0891c#37#V#G#snp
Rv0892#276#L#V#snp
gltA2#421#T#A#snp
accD3#158#G#E#snp
Rv0909#9#N#D#snp
Rv0909#45#H#Q#snp
Rv0910#-51#A#C#snp
Rv0918#46#S#G#snp
pstA1#5#M#T#snp
pstS2#115#S#A#snp
pstS1#352#V#A#snp
ligD#344#C#R#snp
Rv0939#350#D#V#snp
Rv0945#180#R#G#snp
sucC#261#V#A#snp
sucD#209#R#K#snp
purH#-54#A#G#snp
Rv0958#274#S#P#snp
lprP#186#P#L#snp
Rv0964c#124#P#T#snp
Rv0965c#-83#T#G#snp
Rv0966c#175#V#A#snp
Rv0966c#186#W#G#snp
ctpV#484#D#N#snp
accD2#51#N#K#snp
Rv0976c#-17#G#GC#ins
rpmF#56#K#N#snp
PE_PGRS18#broken
mprA#68#G#S#snp
mprB#339#L#H#snp
pepD#390#L#P#snp
Rv0986#228#V#L#snp
dnaN#-75#T#C#snp
recF#245#I#T#snp
recF#372#V#M#snp
Rv0004#-41#C#T#snp
gyrB#403#A#S#snp
gyrB#628#P#S#snp
gyrA#21#E#Q#snp
gyrA#95#S#T#snp
gyrA#398#L#F#snp
gyrA#668#G#D#snp
Rv0010c#26#A#V#snp
Rv0012#105#K#E#snp
Rv0012#233#C#R#snp
trpG#68#I#M#snp
pstP#3#R#L#snp
fhaA#170#R#H#snp
fhaA#222#D#G#snp
fhaA#237#6#del
Rv0021c#277#A#P#snp
Rv0021c#-78#G#C#snp
whiB5#-27#T#C#snp
Rv0029#361#L#V#snp
Rv0030#-87#G#C#snp
acpA#-69#A#G#snp
fadD34#-18#C#T#snp
Rv0037c#-39#C#T#snp
Rv0038#-63#C#T#snp
Rv0039c#24#C#F#snp
leuS#64#A#V#snp
ino1#190#R#G#snp
Rv0048c#250#V#A#snp
ponA1#631#-#PPP#ins
dnaB#552#R#G#snp
dnaB#658#V#I#snp
Rv0064#457#G#D#snp
Rv0064#550#V#F#snp
Rv0064#660#F#V#snp
Rv0064#733#N#D#snp
vapB1#-2#G#GCGCTATTCTAGCGTCAGATTAGCGCCAGAACAGCGCT#ins
icd2#117#K#N#snp
Rv0068#214#V#L#snp
Rv0068#283#Q#E#snp
glyA2#265#E#G#snp
Rv0080#31#V#G#snp
Rv0080#60#G#V#snp
Rv0081#-40#G#A#snp
Rv0083#201#P#L#snp
Rv0083#539#D#E#snp
Rv0089#-62#A#G#snp
ctpA#3#T#A#snp
Rv0093c#22#C#R#snp
Rv0094c#273#T#I#snp
Rv0094c#275#H#R#snp
Rv0094c#276#N#K#snp
Rv0094c#279#H#K#snp
Rv0094c#281#H#D#snp
Rv0095c#57#D#E#snp
nrp#551#D#N#snp
nrp#2301#C#G#snp
Rv0102#97#G#S#snp
ctpB#22#L#S#snp
ctpB#309#P#L#snp
Rv0104#402#Y#H#snp
ctpI#1247#S#P#snp
ctpI#1571#S#F#snp
Rv0108c#-73#A#AC#ins
Rv0111#22#A#V#snp
Rv0111#483#M#I#snp
ldtA#127#G#R#snp
oxyS#21#A#V#snp
oxcA#224#S#G#snp
fadD7#174#F#L#snp
fusA2#41#E#G#snp
fusA2#562#N#S#snp
fusA2#-45#TG#T#del
mak#18#S#P#snp
Rv0135c#101#T#I#snp
Rv0143c#34#F#L#snp
PE1#494#P#L#snp
pntAa#-47#G#A#snp
PE3#14#T#V#snp
PE4#211#A#T#snp
mce1R#171#G#P#snp
mce1R#173#G#Q#snp
fadD5#108#F#S#snp
fadD5#123#V#A#snp
yrbE1B#218#D#E#snp
mce1A#313#S#A#snp
mce1B#179#I#T#snp
mce1C#212#E#D#snp
mce1D#81#A#T#snp
mce1F#120#Y#H#snp
mce1F#370#L#P#snp
Rv0176#290#Q#S#snp
Rv0176#291#S#A#snp
Rv0176#318#P#S#snp
Rv0177#-14#G#A#snp
Rv0177#-94#G#GC#ins
Rv0177#-95#A#G#snp
Rv0177#-98#GA#G#del
lprO#124#R#H#snp
Rv0192#127#S#P#snp
Rv0192A#broken
Rv0193c#302#G#S#snp
Rv0193c#386#W#R#snp
Rv0193c#417#K#E#snp
Rv0194#74#M#T#snp
Rv0197#378#R#S#snp
Rv0205#72#H#R#snp
mmpL3#384#F#I#snp
mmpL3#466#D#E#snp
Rv0209#162#V#A#snp
Rv0210#486#A#T#snp
nadR#45#G#R#snp
fadD4#40#G#A#snp
fadE3#-46#G#T#snp
Rv0216#-11#G#T#snp
lipW#184#P#T#snp
Rv0218#316#C#R#snp
Rv0229c#-28#G#GCATCTT#ins
php#199#D#E#snp
php#317#-#RI#ins
nrdB#33#H#D#snp
aftD#1080#S#G#snp
Rv0236A#2#N#D#snp
vapC24#31#A#S#snp
Rv0249c#-32#G#A#snp
PPE2#broken
Rv0257#broken
Rv0259c#182#A#V#snp
Rv0259c#-96#C#A#snp
Rv0263c#233#R#L#snp
Rv0268c#-33#T#C#snp
fadE6#384#K#E#snp
Rv0275c#24#S#L#snp
vapC25#-76#C#G#snp
PE_PGRS3#broken
PPE3#257#E#K#snp
PPE3#337#S#P#snp
PPE3#450#M#T#snp
eccA3#6#E#A#snp
eccB3#312#I#M#snp
eccC3#214#P#R#snp
esxH#71#A#S#snp
espG3#-91#C#A#snp
eccE3#217#N#D#snp
atsG#191#E#K#snp
PPE5#1533#G#S#snp
PPE5#1546#5#del
PPE5#1765#S#F#snp
Rv0312#159#S#G#snp
Rv0312#563#P#L#snp
Rv0313#-1#G#A#snp
Rv0315#260#K#T#snp
Rv0318c#223#G#A#snp
Rv0323c#142#S#G#snp
Rv0324#168#T#A#snp
Rv0325#broken
Rv0326#-12#A#G#snp
PE6#157#A#V#snp
Rv0338c#190#L#I#snp
Rv0338c#506#R#G#snp
Rv0338c#621#A#V#snp
Rv0338c#-13#G#C#snp
iniA#481#H#Q#snp
PPE7#-98#C#CAT#ins
PPE8#947#G#S#snp
PPE8#1343#G#S#snp
PPE8#1835#P#L#snp
PPE8#2436#5#del
PPE8#2833#F#L#snp
PPE8#3156#G#S#snp
PPE8#3250#I#F#snp
Rv0359#252#A#T#snp
fba#137#I#V#snp
Rv0368c#249#R#H#snp
Rv0370c#201#G#E#snp
Rv0375c#142#D#G#snp
Rv0377#302#P#R#snp
Rv0381c#151#P#Q#snp
Rv0383c#-84#T#G#snp
Rv0385#87#G#S#snp
Rv0387c#-95#A#AC#ins
PPE9#broken
purT#8#E#G#snp
Rv0395#80#V#A#snp
Rv0397A#63#W#C#snp
lpqK#308#E#G#snp
fadD30#-42#A#C#snp
pks6#1262#G#R#snp
Rv0406c#103#T#M#snp
fgd1#296#K#E#snp
pta#122#G#A#snp
pta#-44#A#G#snp
ackA#355#D#E#snp
pknG#736#T#K#snp
Rv0412c#355#D#Y#snp
thiG#75#S#C#snp
lpqM#297#A#T#snp
ctpH#114#R#H#snp
ctpH#222#E#A#snp
ctpH#403#T#A#snp
ctpH#689#M#V#snp
Rv0428c#149#D#G#snp
Rv0431#38#V#G#snp
Rv0431#87#T#A#snp
Rv0434#190#T#A#snp
pssA#167#G#V#snp
pssA#197#P#S#snp
moeA2#15#M#I#snp
moeA2#319#P#S#snp
moeA2#369#P#L#snp
Rv0439c#-40#G#T#snp
PPE10#221#5#del
PPE10#288#G#A#snp
sigK#-31#A#T#snp
rnpB#56#G#A#snp
F6#31#C#CG#ins
ncrMT1234#1#A#G#snp
mcr11#78#G#A#snp
mcr3#41#G#A#snp
mcr15#119#T#C#snp
mcr5#31#C#T#snp
B11#34#AC#A#del
B11#70#T#TC#ins
-#18354#T#C#snp
-#27525#G#C#snp
-#37681#GC#G#del
-#72800#C#T#snp
-#74935#G#T#snp
-#81750#C#T#snp
-#91233#C#T#snp
-#93106#CG#C#del
-#93108#A#C#snp
-#148253#T#C#snp
-#196531#G#T#snp
-#199358#A#G#snp
-#232107#TCATGGTGTCGGTGCCTGGCACCGCCGACGCCGAC#T#del
-#232443#G#A#snp
-#284523#G#T#snp
-#289857#G#A#snp
-#294371#G#T#snp
-#300906#G#A#snp
-#310557#A#G#snp
-#316885#TCTATCGGCAAGCGAAG#T#del
-#331632#C#T#snp
-#365314#C#T#snp
-#385821#G#A#snp
-#412903#ATGTTGCCGCCGCCGAGGTTGGAGCTGCCTTTGTTTCCGTTGCCGATGTTGCCGCTGCCGG#A#del
-#512663#G#T#snp
-#513010#C#T#snp
-#513124#T#C#snp
-#514486#AC#A#del
-#515192#A#C#snp
-#515805#G#T#snp
-#569869#G#A#snp
-#569870#A#G#snp
-#790109#T#C#snp
-#813564#A#G#snp
-#820845#A#AG#ins
-#902441#C#G#snp
-#917709#T#C#snp
-#922192#G#C#snp
-#924555#T#C#snp
-#924819#G#GC#ins
-#954018#C#G#snp
-#981927#C#T#snp
-#996200#T#C#snp
-#996320#CGTGCCACCCCCTAG#C#del
-#1048347#T#A#snp
-#1093737#C#G#snp
-#1108849#G#A#snp
-#1123626#C#A#snp
-#1163457#G#A#snp
-#1163458#C#T#snp
-#1163649#A#G#snp
-#1163655#A#G#snp
-#1163658#C#T#snp
-#1163662#TTTTG#T#del
-#1163676#C#G#snp
-#1163679#G#A#snp
-#1163681#C#T#snp
-#1163953#C#T#snp
-#1164216#G#C#snp
-#1168168#C#T#snp
-#1168220#G#C#snp
-#1209736#G#A#snp
-#1221952#A#G#snp
-#1291763#T#C#snp
-#1291764#G#GAGCAGCGGCATACAGA#ins
-#1291768#A#ACGGATACGCCAG#ins
-#1291770#T#TCGTCAGACCC#ins
-#1291773#A#AACCCCGAGAGGGGACGGAAACTTGCATCCAC#ins
-#1291786#A#ATTGCGTCACGGCGCGCCTGGCGGG#ins
-#1291791#T#TTGTCGTCAGACCCAAAACC#ins
-#1291794#G#GA#ins
-#1291795#G#GAGGGGACGGAAACACCATCCGACGCAGGCACCGAAGTCGATGACAAGCC#ins
-#1292019#G#A#snp
-#1292255#C#G#snp
-#1324446#CT#C#del
-#1388071#GT#G#del
-#1443064#C#G#snp
-#1452208#T#C#snp
-#1458225#C#A#snp
-#1485315#G#A#snp
-#1506982#C#T#snp
-#1529928#GC#G#del
-#1559786#T#C#snp
-#1561829#C#T#snp
-#1583513#A#G#snp
-#1658834#G#T#snp
-#1678432#C#A#snp
-#1705958#A#ACTTCTTGCCTTATCGATCGCCCTGGTGTCGGGGCTGGTTGGTCATAGCTGGCGTGCTAGCGCCGCACGGACCCGGCGCTGGTTCG#ins
-#1730874#A#C#snp
-#1773991#G#A#snp
-#1779032#T#C#snp
-#1779159#G#T#snp
-#1779186#G#GT#ins
-#1792261#A#G#snp
-#1803044#A#G#snp
-#1839854#C#T#snp
-#1844936#C#G#snp
-#1888324#C#CCGG#ins
-#1894965#C#G#snp
-#1962237#C#T#snp
-#1963074#G#A#snp
-#1963130#G#T#snp
-#2021233#T#C#snp
-#2035107#T#C#snp
-#2040630#C#T#snp
-#2042965#AT#A#del
-#2053500#G#GC#ins
-#2081673#G#GT#ins
-#2081999#T#C#snp
-#2082066#G#A#snp
-#2146473#A#C#snp
-#2149839#C#G#snp
-#2151432#G#A#snp
-#2180046#T#C#snp
-#2182565#T#C#snp
-#2188239#A#G#snp
-#2203940#A#AG#ins
-#2203966#C#A#snp
-#2212116#T#C#snp
-#2242258#GGCCA#G#del
-#2242263#A#T#snp
-#2243606#T#C#snp
-#2243968#C#A#snp
-#2281003#T#C#snp
-#2286606#A#G#snp
-#2302006#A#AC#ins
-#2302642#T#G#snp
-#2367665#G#A#snp
-#2381011#A#G#snp
-#2381042#CA#C#del
-#2381045#G#GA#ins
-#2404578#G#A#snp
-#2455846#C#T#snp
-#2455859#G#GGTTTGCGGCGCGAGGAGGAACCGGGCAATCAGACGACGCCCGGTGACGATGCGCGCC#ins
-#2477544#C#T#snp
-#2511511#G#A#snp
-#2575246#C#G#snp
-#2658008#C#CG#ins
-#2682695#T#C#snp
-#2708729#C#T#snp
-#2744736#G#T#snp
-#2798497#A#G#snp
-#2798884#A#AATCCCTGGCGCACCGGTACCG#ins
-#2800249#A#G#snp
-#2993978#C#G#snp
-#2999101#G#GC#ins
-#3105887#AC#A#del
-#3105949#AC#A#del
-#3124420#A#G#snp
-#3135575#A#G#snp
-#3148681#CAACTT#C#del
-#3234779#A#G#snp
-#3246961#T#C#snp
-#3247196#C#T#snp
-#3263273#T#C#snp
-#3297399#G#A#snp
-#3314899#A#C#snp
-#3336253#A#G#snp
-#3382138#G#GGGC#ins
-#3425069#C#G#snp
-#3425144#G#C#snp
-#3439048#G#A#snp
-#3476921#C#A#snp
-#3477302#G#C#snp
-#3479280#G#T#snp
-#3557270#TG#T#del
-#3563125#G#A#snp
-#3563537#A#G#snp
-#3612388#AG#A#del
-#3630137#A#G#snp
-#3644118#C#T#snp
-#3694470#G#A#snp
-#3771403#G#A#snp
-#3841579#A#G#snp
-#3845877#T#C#snp
-#3864519#C#T#snp
-#3878605#C#G#snp
-#3908178#C#G#snp
-#3943894#C#A#snp
-#3943911#A#C#snp
-#3943942#A#G#snp
-#3943947#C#G#snp
-#3943968#T#G#snp
-#3943975#T#G#snp
-#3943986#C#G#snp
-#3944006#G#C#snp
-#3944016#C#G#snp
-#3944022#G#GC#ins
-#3991872#C#T#snp
-#4072305#C#CG#ins
-#4078138#G#C#snp
-#4078240#T#C#snp
-#4101400#C#T#snp
-#4101403#A#G#snp
-#4101767#G#A#snp
-#4102225#C#T#snp
-#4159863#A#G#snp
-#4180954#G#GA#ins
-#4271776#A#G#snp
-#4277693#G#A#snp
-#4287690#G#A#snp
-#4377488#A#G#snp
-#4406460#C#A#snp
