Rv2956#-62#C#T#snp ddlA#365#T#A#snp ppk1#159#V#F#snp serA1#-92#G#A#snp lppY#212#M#L#snp cfp6#-10#T#C#snp Rv3037c#23#A#V#snp serB2#116#G#E#snp Rv3057c#275#V#A#snp ligB#91#P#S#snp cstA#378#H#D#snp cstA#559#R#S#snp atsF#310#G#R#snp lipR#156#A#V#snp fadD13#-75#C#G#snp lipY#427#P#L#snp prfB#-94#C#CT#ins fprA#-9#C#CT#ins Rv3113#134#G#E#snp cyp141#157#K#E#snp PPE49#broken Rv3137#168#P#L#snp nuoG#474#I#M#snp nuoG#604#T#A#snp PPE53#broken Rv3190c#27#S#R#snp Rv3190c#138#L#P#snp Rv3200c#194#V#F#snp Rv3204#34#T#A#snp Rv3213c#144#K#E#snp Rv3226c#-33#C#T#snp aroA#-22#C#T#snp mtrB#517#M#L#snp birA#225#V#I#snp Rv3292#70#R#L#snp glpD2#-81#C#A#snp amiB1#39#H#Y#snp amiB1#101#A#T#snp sdhD#54#V#L#snp sigJ#41#P#Q#snp Rv3329#122#Q#H#snp sugI#423#P#L#snp PPE54#103#E#A#snp PPE54#2157#I#T#snp idsB#132#V#G#snp guaA#420#L#V#snp Rv3399#330#A#E#snp vapC47#46#S#L#snp Rv3435c#207#A#V#snp rplM#-85#GT#G#del eccC4#630#G#E#snp eccC4#1082#S#G#snp cut3#209#G#D#snp Rv3453#broken Rv3454#-96#TA#T#del Rv3467#315#K#E#snp rmlB3#62#I#V#snp Rv3479#174#L#R#snp fadE26#-91#C#T#snp fadD17#282#F#V#snp fadD18#77#G#D#snp PE_PGRS57#1462#T#A#snp fadD19#348#A#P#snp echA19#86#G#D#snp Rv3521#295#N#D#snp ltp4#324#T#I#snp ltp4#-45#T#C#snp ltp3#broken Rv3529c#broken PPE62#342#S#R#snp hsaF#147#E#D#snp cyp125#3#W#G#snp Rv3549c#-37#G#A#snp echA20#-18#G#A#snp Rv3611#34#N#S#snp espA#192#T#I#snp hpt#75#L#M#snp Rv3630#40#A#T#snp Rv3654c#-89#TC#T#del Rv3657c#130#G#R#snp Rv3703c#193#P#Q#snp leuA#502#V#A#snp dnaQ#211#V#L#snp Rv3718c#-81#T#C#snp Rv3719#12#T#A#snp Rv3723#-53#TGTTCCCGTCCGC#T#del Rv3729#24#R#C#snp Rv3729#142#V#A#snp ligC#313#R#H#snp Rv3737#40#D#G#snp Rv3748#-95#C#CA#ins Rv3750c#-20#AC#A#del proV#-24#T#C#snp proX#85#L#P#snp tcrY#246#C#R#snp Rv3771c#-49#C#G#snp Rv3776#329#M#V#snp Rv3777#160#V#A#snp aftA#456#A#V#snp embC#981#V#L#snp PE_PGRS62#broken Rv3833#105#V#I#snp gltD#-80#C#T#snp whiB6#-76#AG#A#del PPE68#29#A#V#snp PPE68#-36#C#A#snp esxB#68#E#K#snp espJ#144#T#K#snp eccE1#205#V#A#snp eccA2#215#E#G#snp PPE69#broken eccC2#258#R#P#snp Rv3896c#193#Q#K#snp Rv3901c#36#A#T#snp Rv3910#211#A#T#snp Rv3910#262#M#I#snp sigM#21#D#N#snp mmuM#125#Y#C#snp mmuM#155#E#K#snp Rv2473#9#A#T#snp gdh#1043#S#G#snp Rv2481c#broken plsB2#180#R#Q#snp plsB2#329#D#G#snp plsB2#778#C#R#snp vapC38#66#R#P#snp bkdC#107#T#A#snp scoB#40#P#L#snp Rv2513#122#T#K#snp Rv2542#211#T#A#snp lppA#37#H#Q#snp lppA#38#N#S#snp Rv2551c#-57#C#T#snp Rv2560#210#V#L#snp Rv2565#187#A#E#snp Rv2566#610#L#P#snp Rv2567#645#Q#R#snp Rv2573#99#P#S#snp apt#147#A#E#snp Rv2585c#462#C#S#snp Rv2600#-51#A#G#snp PPE42#broken Rv2611c#102#I#M#snp Rv2611c#197#S#C#snp Rv2627c#104#R#G#snp Rv2631#393#G#D#snp Rv2650c#101#I#T#snp Rv2652c#-9#G#A#snp Rv2688c#156#P#T#snp ceoB#117#T#A#snp Rv2694c#26#L#V#snp dut#122#V#L#snp ppgK#203#I#T#snp Rv2709#86#S#P#snp fadE20#-86#A#G#snp Rv2729c#202#A#E#snp hsdM#306#L#P#snp hsdS#25#G#V#snp PE27#270#V#M#snp Rv2771c#80#L#P#snp Rv2778c#-25#C#A#snp Rv2779c#-34#A#G#snp ald#-32#A#G#snp Rv2787#566#S#I#snp pptT#87#M#V#snp Rv2800#348#G#S#snp Rv2807#72#E#V#snp Rv2823c#101#-#YIA#ins Rv2825c#2#K#E#snp Rv2828c#-2#C#T#snp vapC22#-46#C#T#snp vapB22#56#A#V#snp dipZ#672#Y#D#snp mpt70#21#A#T#snp ffh#-31#G#A#snp Rv2917#594#R#L#snp Rv2917#-47#G#A#snp acyP#4#P#S#snp ppsA#broken ppsC#864#S#R#snp ppsD#1537#S#G#snp pks15#333#V#A#snp Rv2955c#-61#C#T#snp mce3F#396#A#E#snp Rv1976c#-91#A#C#snp Rv1976c#-78#G#A#snp vapC36#126#L#H#snp fabG3#174#S#G#snp otsB1#339#D#G#snp otsB1#-3#T#C#snp Rv2016#112#P#L#snp Rv2017#262#A#E#snp Rv2024c#47#W#R#snp Rv2024c#154#D#G#snp Rv2037c#312#C#Y#snp Rv2039c#131#V#F#snp pks12#973#E#D#snp pks12#2147#H#Q#snp pks12#3649#P#A#snp Rv2067c#288#E#K#snp cobL#205#L#P#snp Rv2078#6#E#G#snp Rv2079#47#Y#C#snp Rv2082#638#P#R#snp Rv2083#256#L#V#snp Rv2090#358#F#L#snp prcA#135#R#P#snp dop#7#P#R#snp Rv2113#-80#C#CTTGCTTGATGCCCGCCTCCTCAGCGGCCCGCTGCGCGGCCCGCATCGTCGGCGGGCG#ins Rv2125#33#G#S#snp Rv2147c#220#A#T#snp murD#80#T#I#snp murD#247#R#G#snp PE_PGRS38#-87#T#C#snp aroG#265#D#E#snp adoK#-71#C#T#snp Rv2226#299#D#N#snp cobD#79#S#C#snp kasA#-39#G#A#snp Rv2252#-15#A#G#snp Rv2262c#329#-#V#ins Rv2264c#116#G#W#snp Rv2296#257#D#G#snp Rv2302#-57#G#T#snp Rv2307c#24#M#T#snp uspA#127#V#L#snp stp#69#D#Y#snp Rv2337c#119#G#V#snp mmpL9#572#1#del Rv2360c#66#A#T#snp mbtF#589#E#D#snp ggtB#569#G#A#snp cysW#141#G#A#snp Rv2402#571#V#M#snp Rv2407#63#-#HSDHIAE#ins Rv2415c#-11#G#A#snp nadD#-44#A#C#snp rbsK#282#V#A#snp proB#226#A#S#snp rpfE#126#R#Q#snp Rv0988#234#M#I#snp grcC2#321#I#V#snp galU#235#Q#R#snp rimJ#72#R#L#snp rimJ#105#Y#C#snp metS#39#R#G#snp tatD#187#T#N#snp lpqT#72#E#A#snp kdpD#368#P#S#snp kdpA#555#F#L#snp kdpB#-48#G#C#snp PE_PGRS19#111#L#W#snp Rv1075c#-48#T#C#snp glyA1#36#V#A#snp Rv1096#-18#A#G#snp Rv1100#211#A#V#snp xseB#-39#C#G#snp xseA#400#A#G#snp ppdK#69#G#E#snp Rv1128c#270#E#G#snp Rv1154c#123#T#A#snp narH#467#A#V#snp fadH#210#C#S#snp Rv1179c#-40#T#TG#ins Rv1179c#-39#T#C#snp pks4#-43#T#G#snp Rv1186c#207#P#A#snp Rv1194c#114#F#L#snp Rv1216c#-63#A#G#snp Rv1218c#243#Q#R#snp htrA#-33#A#AC#ins Rv1230c#45#S#G#snp Rv1232c#149#C#G#snp Rv1233c#broken corA#139#K#E#snp Rv1249c#97#A#S#snp Rv1249c#-12#G#A#snp Rv1251c#977#P#H#snp pknH#607#R#Q#snp Rv1290c#282#L#F#snp hemK#194#R#C#snp ogt#15#T#S#snp Rv1319c#439#D#E#snp Rv1320c#531#T#A#snp Rv1321#144#S#R#snp glgP#255#K#E#snp dinG#-85#G#C#snp pncB1#429#G#A#snp Rv1358#1114#G#E#snp PPE19#269#F#L#snp PPE19#286#Q#W#snp Rv1364c#465#A#E#snp Rv1373#broken Rv1374c#136#T#A#snp Rv1376#405#K#E#snp Rv1378c#37#R#W#snp PE15#51#A#T#snp cyp132#135#R#L#snp PE_PGRS25#66#R#S#snp Rv1413#-3#T#C#snp Rv1432#-9#T#C#snp Rv1434#8#-#RV#ins Rv1435c#broken opcA#192#R#P#snp tal#244#T#A#snp tkt#18#Y#D#snp PE_PGRS27#819#3#del Rv1453#405#P#Q#snp Rv1459c#113#K#E#snp Rv1461#544#M#I#snp Rv1462#183#N#D#snp moxR1#26#H#N#snp Rv1486c#198#K#N#snp lipL#237#A#P#snp Rv1498c#191#R#H#snp Rv1502#213#Y#C#snp Rv1505c#195#G#R#snp Rv1514c#-7#G#A#snp Rv1517#188#L#F#snp Rv1517#-25#G#A#snp fadD25#175#T#A#snp pks5#1903#L#R#snp ansA#190#R#P#snp PPE21#584#N#H#snp plsB1#489#V#A#snp frdB#157#S#L#snp frdC#40#M#V#snp bioD#191#M#T#snp Rv1571#84#R#L#snp Rv1592c#322#I#V#snp Rv1597#21#G#D#snp impA#124#P#Q#snp trpC#-3#C#T#snp tsnR#232#L#P#snp pheT#683#G#C#snp argC#134#P#L#snp pks7#-97#G#A#snp pks8#1357#A#T#snp Rv1667c#-72#G#GCGCGGCAAGA#ins pyrG#354#A#E#snp cycA#93#R#L#snp cycA#477#R#G#snp Rv1716#178#S#G#snp Rv1733c#68#Q#H#snp Rv1739c#134#R#L#snp PPE24#488#N#T#snp Rv1773c#89#H#Y#snp PPE25#283#A#V#snp PE18#2#S#P#snp PPE28#150#A#V#snp PPE31#223#F#S#snp PPE31#234#V#L#snp PPE33#252#V#L#snp mgtC#182#R#H#snp Rv1812c#30#L#P#snp Rv1815#83#I#F#snp secA2#59#S#R#snp Rv1830#-87#G#A#snp gnd1#89#2#del blaR#-18#T#C#snp apa#136#F#L#snp adhA#-18#A#AC#ins lldD2#-18#A#C#snp Rv1873#-5#A#C#snp Rv1873#-28#G#A#snp Rv1883c#73#-#VCEVT#ins fbpB#-3#A#G#snp Rv1888c#184#Y#S#snp lipJ#204#I#M#snp Rv1906c#-53#T#G#snp aceAa#179#G#D#snp PPE34#676#S#A#snp Rv1936#-8#C#T#snp Rv1957#84#D#N#snp Rv0461#160#-#Y#ins mshA#111#N#S#snp regX3#-10#TCTCCCCCGCAAGCGGGTGGTGCCC#T#del regX3#-37#A#T#snp mmpL2#426#R#H#snp Rv0518#-68#A#C#snp Rv0538#228#R#P#snp pitA#49#P#S#snp Rv0556#15#L#R#snp mgtA#152#R#P#snp Rv0565c#68#S#P#snp Rv0572c#31#F#L#snp Rv0580c#-76#G#GGTGGC#ins vapB26#-18#G#GGTGGC#ins yrbE2B#243#T#I#snp mce2A#51#F#S#snp mce2D#-36#A#C#snp galTb#broken galK#-23#T#C#snp Rv0658c#75#L#P#snp rpoC#594#G#E#snp mmpL5#948#I#V#snp Rv0688#107#G#V#snp rpsQ#-93#C#A#snp fucA#6#A#D#snp Rv0755A#-64#G#A#snp phoR#172#P#L#snp Rv0785#408#C#F#snp Rv0787#267#Y#H#snp pepC#139#L#R#snp purL#464#E#Q#snp purF#508#A#V#snp purM#-92#G#A#snp pabC#145#I#M#snp thiX#104#L#V#snp Rv0825c#-21#A#G#snp Rv0826#-60#A#G#snp cysK2#93#G#S#snp Rv0857#-24#A#C#snp fadA#150#S#G#snp PPE13#260#F#V#snp Rv0881#115#G#R#snp Rv0885#242#S#A#snp Rv0890c#866#P#A#snp Rv0891c#37#V#G#snp Rv0914c#112#Y#H#snp pstA1#5#M#T#snp ligD#344#C#R#snp purH#-54#A#G#snp Rv0958#274#S#P#snp lprP#186#P#L#snp Rv0964c#124#P#T#snp Rv0965c#37#L#P#snp Rv0966c#175#V#A#snp ctpV#422#L#P#snp ctpV#596#A#T#snp accD2#51#N#K#snp PE_PGRS16#broken PE_PGRS18#broken pepD#390#L#P#snp dnaN#-75#T#C#snp recF#245#I#T#snp gyrA#21#E#Q#snp gyrA#95#S#T#snp gyrA#668#G#D#snp Rv0012#233#C#R#snp fhaA#237#6#del Rv0021c#-78#G#C#snp Rv0026#408#P#S#snp ino1#190#R#G#snp Rv0048c#248#E#D#snp Rv0048c#250#V#A#snp ponA1#631#P#S#snp Rv0052#-17#T#A#snp dnaB#552#R#G#snp Rv0064#418#L#F#snp Rv0064#457#G#D#snp Rv0064#733#N#D#snp Rv0064#769#L#F#snp Rv0068#214#V#L#snp Rv0075#-14#T#C#snp hycQ#132#V#I#snp Rv0094c#296#R#W#snp Rv0094c#-49#G#A#snp PPE1#159#T#M#snp Rv0097#251#I#T#snp ctpB#22#L#S#snp ctpI#1571#S#F#snp Rv0108c#-73#A#AC#ins fusA2#562#N#S#snp mak#18#S#P#snp PE1#122#A#T#snp PE1#572#I#V#snp Rv0158#212#K#N#snp PE3#14#T#A#snp fadD5#-44#C#T#snp mce1F#370#L#P#snp Rv0192#127#S#P#snp Rv0193c#417#K#E#snp Rv0194#74#M#T#snp Rv0218#316#C#R#snp nrdB#33#H#D#snp aftD#1080#S#G#snp Rv0259c#182#A#V#snp Rv0259c#-96#C#A#snp PE_PGRS4#95#T#V#snp PPE3#337#S#P#snp eccC3#214#P#R#snp eccE3#217#N#D#snp Rv0315#260#K#T#snp glpQ2#-70#C#T#snp Rv0318c#223#G#A#snp Rv0323c#142#S#G#snp Rv0324#168#T#A#snp Rv0331#359#A#P#snp Rv0332#broken Rv0338c#506#R#G#snp Rv0338c#621#A#V#snp PPE8#1947#G#D#snp PPE8#2436#5#del Rv0359#214#L#R#snp Rv0365c#307#D#E#snp Rv0368c#121#Q#E#snp Rv0374c#117#N#K#snp Rv0376c#69#Y#C#snp Rv0380c#180#G#D#snp Rv0383c#-84#T#G#snp Rv0387c#-95#A#AC#ins PPE9#broken Rv0395#80#V#A#snp fadD30#-42#A#C#snp pks6#708#L#V#snp pks6#1115#L#V#snp fgd1#270#K#M#snp Rv0412c#355#D#Y#snp thiG#75#S#C#snp ctpH#689#M#V#snp pssA#167#G#V#snp psd#84#V#M#snp PPE11#430#R#C#snp F6#31#C#CG#ins mcr11#78#G#A#snp mcr3#41#G#A#snp -#18354#T#C#snp -#27420#G#A#snp -#35823#CATCGGCGCTGCAAGGGTAAGTAGGCATGCCCGATCCAGGATGGGCTGCGCGGACACCTGAGGCCAACGACCTGCTGCTCACGG#C#del -#72800#C#T#snp -#88177#C#G#snp -#88184#G#A#snp -#127185#G#A#snp -#289805#T#G#snp -#294360#TGC#T#del -#310557#A#G#snp -#351628#T#C#snp -#442395#C#G#snp -#444719#C#T#snp -#451575#G#T#snp -#564672#A#C#snp -#564675#C#T#snp -#564678#TA#T#del -#564681#C#CT#ins -#590987#T#C#snp -#633920#G#A#snp -#790109#T#C#snp -#820845#A#AG#ins -#882465#C#G#snp -#920427#C#T#snp -#996320#CGTGCCACCCCCTAG#C#del -#1101024#A#G#snp -#1163457#G#A#snp -#1163458#C#T#snp -#1163649#A#G#snp -#1163655#A#G#snp -#1163658#C#T#snp -#1163662#TTTTG#T#del -#1163676#C#G#snp -#1163679#G#A#snp -#1163681#C#T#snp -#1164216#G#C#snp -#1178773#C#T#snp -#1291648#GGTCGTCAGACCCAAAACCCCGAGAGGGGACGGAAACGCCCCGTGGATGGCGGATGCGTTGTGCGCGCAAGT#G#del -#1437874#A#C#snp -#1442038#A#G#snp -#1458165#A#G#snp -#1583513#A#G#snp -#1624743#CGA#C#del -#1658834#G#T#snp -#1730874#A#C#snp -#1731377#C#T#snp -#1773991#G#A#snp -#1800830#A#G#snp -#1832557#C#A#snp -#1858547#T#TG#ins -#1888324#C#CCGG#ins -#1894965#C#G#snp -#2005461#G#A#snp -#2042965#AT#A#del -#2053500#G#GC#ins -#2103831#C#T#snp -#2146473#A#C#snp -#2182565#T#C#snp -#2188239#A#G#snp -#2203940#A#AG#ins -#2336837#G#A#snp -#2348727#G#C#snp -#2355959#C#CG#ins -#2366742#C#T#snp -#2477544#C#T#snp -#2575246#C#G#snp -#2682695#T#C#snp -#2682910#G#C#snp -#2788568#G#T#snp -#2793408#A#C#snp -#2798497#A#G#snp -#2798884#A#AATCCCTGGCGCACCGGTACCG#ins -#2865059#C#CG#ins -#3057045#TCGCCG#T#del -#3057051#TTG#T#del -#3135575#A#G#snp -#3179495#G#T#snp -#3247196#C#T#snp -#3263277#C#T#snp -#3314899#A#C#snp -#3314965#T#C#snp -#3319190#G#GC#ins -#3336253#A#G#snp -#3425069#C#G#snp -#3479773#A#G#snp -#3557270#TGG#T#del -#3630137#A#G#snp -#3644118#C#T#snp -#3781607#G#T#snp -#3841579#ACGGCGCGCTCGTCGCCGGGCGCAAGCTGGATTGCCCGGCTCCTGCGCGCGCCGGTG#A#del -#3845877#T#C#snp -#3864618#C#T#snp -#3908178#C#G#snp -#3943894#C#A#snp -#3943911#A#C#snp -#3943942#A#G#snp -#3943947#C#G#snp -#3943968#T#G#snp -#3943975#T#G#snp -#3943986#C#G#snp -#3944006#G#C#snp -#3944016#C#G#snp -#3944022#G#GC#ins -#4277693#G#A#snp -#4377488#A#G#snp -#4380455#G#A#snp -#4400162#G#A#snp 