Rv2956#-62#C#T#snp ddlA#365#T#A#snp ppk1#254#F#L#snp Rv2998#116#A#P#snp lppY#212#M#L#snp cfp6#-10#T#C#snp Rv3032#310#L#Q#snp Rv3041c#-33#C#G#snp serB2#116#G#E#snp Rv3057c#112#D#A#snp ligB#91#P#S#snp cstA#559#R#S#snp cstA#654#Y#D#snp atsF#310#G#R#snp Rv3085#251#V#L#snp Rv3090#94#G#D#snp Rv3092c#250#P#L#snp Rv3093c#210#C#W#snp prfB#-94#C#CT#ins fprA#-9#C#CT#ins cyp141#157#K#E#snp tgs1#237#P#A#snp Rv3137#168#P#L#snp nuoG#474#I#M#snp nuoG#604#T#A#snp nuoM#258#A#T#snp PPE53#broken Rv3179#342#Y#H#snp Rv3187#broken Rv3190c#138#L#P#snp Rv3195#143#D#N#snp lipV#-4#G#A#snp Rv3204#34#T#A#snp Rv3213c#144#K#E#snp Rv3217c#38#A#T#snp Rv3224A#28#I#S#snp Rv3224B#-84#A#C#snp Rv3233c#-70#G#A#snp tgs3#250#R#H#snp mtrB#517#M#L#snp glpD2#167#G#S#snp glpD2#-81#C#A#snp sdhD#54#V#L#snp sigJ#41#P#Q#snp Rv3329#122#Q#H#snp sugI#39#P#L#snp sugI#423#P#L#snp Rv3335c#3#E#D#snp PPE54#103#E#A#snp relJ#-5#C#A#snp Rv3359#74#G#C#snp Rv3365c#266#A#T#snp amiD#74#A#S#snp idsB#132#V#G#snp Rv3399#330#A#E#snp vapC47#46#S#L#snp guaB2#-39#G#C#snp Rv3434c#broken Rv3439c#96#G#E#snp rplM#-85#GT#G#del eccC4#1082#S#G#snp cut3#259#L#R#snp cut4#-60#A#C#snp rmlC#131#M#I#snp Rv3467#276#N#K#snp Rv3467#315#K#E#snp rmlB3#62#I#V#snp PPE60#67#A#V#snp Rv3479#174#L#R#snp PE_PGRS54#1887#3#del echA19#86#G#D#snp Rv3521#295#N#D#snp ltp4#324#T#I#snp ltp4#-45#T#C#snp fadE28#292#I#L#snp cyp125#90#S#P#snp PPE64#broken fadE33#206#Y#H#snp Rv3591c#30#S#F#snp espA#192#T#I#snp esxV#-66#A#G#snp Rv3630#40#A#T#snp topA#887#L#M#snp PE_PGRS61#-55#GC#G#del Rv3654c#-89#TC#T#del Rv3691#280#G#A#snp Rv3693#129#M#I#snp Rv3695#151#R#H#snp Rv3698#182#D#Y#snp gshA#231#A#T#snp Rv3705c#145#D#A#snp dnaQ#211#V#L#snp Rv3718c#-81#T#C#snp Rv3719#12#T#A#snp Rv3720#70#H#R#snp Rv3727#537#I#T#snp ligC#313#R#H#snp Rv3737#40#D#G#snp Rv3748#-95#C#CA#ins Rv3750c#-20#AC#A#del proV#-24#T#C#snp tcrY#246#C#R#snp lipE#164#D#N#snp Rv3776#329#M#V#snp Rv3786c#100#T#I#snp embC#656#K#N#snp fadE35#broken clp6#50#V#F#snp fbpA#-10#G#A#snp papA1#35#L#F#snp pks2#144#A#G#snp pks2#605#T#A#snp Rv3833#105#V#I#snp glpQ1#60#D#G#snp gltB#-10#T#TA#ins whiB6#-76#AG#A#del espE#21#L#V#snp eccCb1#288#P#S#snp PPE68#-36#C#A#snp espB#255#Q#P#snp PPE69#19#T#K#snp eccC2#258#R#P#snp Rv3896c#193#Q#K#snp Rv3903c#411#D#N#snp gid#16#L#R#snp mmuM#125#Y#C#snp gdh#1043#S#G#snp Rv2481c#-54#T#C#snp plsB2#778#C#R#snp lipQ#210#S#N#snp bkdC#107#T#A#snp Rv2513#122#T#K#snp Rv2542#211#T#A#snp Rv2560#210#V#L#snp Rv2561#broken Rv2566#610#L#P#snp Rv2567#645#Q#R#snp apt#147#A#E#snp Rv2585c#462#C#S#snp Rv2600#-51#A#G#snp snoP#-29#T#G#snp Rv2611c#102#I#M#snp Rv2611c#197#S#C#snp Rv2627c#104#R#G#snp dedA#147#V#I#snp Rv2644c#-63#A#G#snp Rv2650c#101#I#T#snp Rv2652c#5#A#E#snp Rv2688c#156#P#T#snp Rv2690c#457#V#A#snp ceoB#117#T#A#snp Rv2694c#-67#G#A#snp Rv2695#-82#G#A#snp ppgK#203#I#T#snp Rv2729c#202#A#E#snp thyA#202#T#A#snp PPE43#347#G#V#snp Rv2771c#80#L#P#snp Rv2779c#-34#A#G#snp ald#-32#A#G#snp Rv2787#166#G#R#snp ltp1#6#1#del pptT#87#M#V#snp Rv2799#31#A#V#snp Rv2807#72#E#V#snp Rv2823c#101#-#YIA#ins Rv2825c#2#K#E#snp vapC22#-46#C#T#snp vapB22#56#A#V#snp Rv2854#308#V#A#snp Rv2864c#522#I#V#snp dipZ#672#Y#D#snp Rv2886c#-2#C#T#snp Rv2887#2#G#S#snp Rv2917#594#R#L#snp smc#526#R#L#snp fadD26#-67#C#T#snp ppsA#broken pks15#333#V#A#snp Rv2955c#-61#C#T#snp yrbE3A#broken mce3F#331#P#R#snp mce3F#396#A#E#snp PE_PGRS35#471#P#S#snp Rv1987#36#S#N#snp otsB1#-3#T#C#snp Rv2017#262#A#E#snp Rv2024c#47#W#R#snp Rv2024c#154#D#G#snp Rv2037c#231#I#T#snp Rv2037c#312#C#Y#snp Rv2039c#131#V#F#snp pks12#2147#H#Q#snp pks12#3649#P#A#snp cobL#205#L#P#snp Rv2078#6#E#G#snp Rv2079#47#Y#C#snp Rv2082#638#P#R#snp Rv2083#256#L#V#snp Rv2090#358#F#L#snp helZ#601#P#Q#snp dop#261#V#A#snp hisG#-22#A#C#snp hisE#88#D#A#snp Rv2125#33#G#S#snp murC#-38#C#G#snp murG#398#L#V#snp murD#247#R#G#snp PE_PGRS38#-87#T#C#snp pknL#50#M#I#snp aroG#265#D#E#snp Rv2197c#112#S#P#snp mmpS3#-47#C#T#snp Rv2226#299#D#N#snp cobD#79#S#C#snp Rv2262c#329#-#V#ins Rv2264c#250#L#R#snp Rv2267c#12#R#G#snp cdh#broken Rv2302#-57#G#T#snp lppP#10#-#ILA#ins Rv2337c#119#G#V#snp hrcA#151#V#M#snp mbtF#589#E#D#snp mbtF#792#P#L#snp cysW#141#G#A#snp cysW#236#A#P#snp Rv2407#63#-#HSDHIAE#ins Rv2415c#-11#G#A#snp nadD#-44#A#C#snp rbsK#282#V#A#snp nadE#133#R#L#snp Rv2446c#84#A#T#snp rpfE#126#R#Q#snp grcC2#321#I#V#snp grcC2#-52#T#A#snp Rv0990c#61#H#Q#snp galU#235#Q#R#snp arcA#281#M#T#snp metS#39#R#G#snp kdpD#368#P#S#snp trcS#63#L#R#snp PE8#-28#G#C#snp Rv1061#164#A#T#snp PE_PGRS19#111#L#W#snp Rv1075c#275#P#L#snp Rv1075c#-48#T#C#snp glyA1#36#V#A#snp Rv1096#-18#A#G#snp mazE3#-58#C#T#snp Rv1104#17#G#S#snp Rv1148c#7#L#I#snp Rv1148c#356#N#H#snp Rv1154c#123#T#A#snp narG#1000#R#H#snp fadH#210#C#S#snp Rv1179c#-40#T#TG#ins Rv1179c#-39#T#C#snp pks4#-43#T#G#snp Rv1186c#207#P#A#snp PPE18#30#Q#K#snp esxK#-2#T#C#snp esxK#-4#GC#G#del glgA#299#M#I#snp Rv1216c#-63#A#G#snp htrA#-33#A#AC#ins Rv1230c#45#S#G#snp Rv1232c#149#C#G#snp corA#139#K#E#snp cyp130#145#K#N#snp pknH#607#R#Q#snp Rv1278#365#A#S#snp cysN#415#L#S#snp argS#182#I#S#snp hemK#194#R#C#snp atpH#389#A#T#snp Rv1318c#267#F#L#snp Rv1319c#439#D#E#snp Rv1320c#531#T#A#snp Rv1321#144#S#R#snp dinG#-85#G#C#snp pncB1#429#G#A#snp mbtK#192#D#A#snp Rv1364c#465#A#E#snp Rv1374c#136#T#A#snp Rv1378c#37#R#W#snp cyp132#135#R#L#snp PE_PGRS25#66#R#S#snp Rv1417#102#S#Q#snp Rv1432#-9#T#C#snp Rv1435c#broken opcA#116#P#L#snp opcA#192#R#P#snp tkt#18#Y#D#snp Rv1453#405#P#Q#snp Rv1459c#113#K#E#snp Rv1462#183#N#D#snp Rv1486c#198#K#N#snp Rv1498c#191#R#H#snp Rv1501#106#G#S#snp Rv1502#213#Y#C#snp Rv1518#143#Q#E#snp dinX#306#T#P#snp frdC#40#M#V#snp bioD#191#M#T#snp Rv1592c#-29#G#A#snp Rv1597#21#G#D#snp hisD#75#A#V#snp hisC1#271#A#S#snp impA#124#P#Q#snp trpC#173#Q#R#snp lgt#29#C#S#snp uvrB#360#R#H#snp Rv1635c#-38#G#A#snp tsnR#232#L#P#snp pheT#770#L#Q#snp PE_PGRS30#broken pks8#1124#M#V#snp pks8#1357#A#T#snp pks17#300#P#R#snp Rv1667c#-72#G#GCGCGGCAAGA#ins Rv1674c#189#E#G#snp cycA#93#R#L#snp Rv1716#6#P#L#snp Rv1716#178#S#G#snp Rv1722#15#V#L#snp Rv1733c#68#Q#H#snp Rv1739c#134#R#L#snp Rv1752#-74#G#A#snp PPE24#488#N#T#snp mycP5#312#M#V#snp PPE31#223#F#S#snp PPE31#234#V#L#snp PPE33#252#V#L#snp mgtC#-32#C#G#snp Rv1812c#30#L#P#snp Rv1815#83#I#F#snp gnd1#89#2#del blaR#-18#T#C#snp apa#136#F#L#snp adhA#-18#A#AC#ins Rv1870c#123#G#D#snp lldD2#-18#A#C#snp Rv1873#-5#A#C#snp Rv1883c#73#-#VCEVT#ins fbpB#225#D#N#snp fbpB#-3#A#G#snp lipJ#204#I#M#snp PPE34#676#S#A#snp fadE18#196#A#V#snp Rv1939#86#A#V#snp Rv1945#243#V#L#snp Rv1945#285#R#K#snp Rv1945#291#V#I#snp Rv1945#326#N#H#snp Rv1945#426#A#P#snp Rv0472c#3#E#G#snp regX3#-10#TCTCCCCCGCAAGCGGGTGGTGCCC#T#del regX3#-37#A#T#snp mmpL2#426#R#H#snp Rv0518#-68#A#C#snp Rv0538#228#R#P#snp pitA#49#P#S#snp menD#-55#A#G#snp Rv0556#15#L#R#snp Rv0572c#31#F#L#snp mce2A#51#F#S#snp mce2D#-36#A#C#snp Rv0605#-70#G#A#snp Rv0613c#97#T#I#snp galTb#broken galK#20#Y#H#snp recC#535#R#M#snp mkl#276#E#G#snp Rv0658c#75#L#P#snp mmpL5#948#I#V#snp Rv0696#331#G#C#snp rpsE#105#V#A#snp fucA#6#A#D#snp Rv0750#27#L#V#snp PPE12#broken phoR#172#P#L#snp Rv0785#408#C#F#snp Rv0787#267#Y#H#snp Rv0791c#100#S#C#snp pepC#139#L#R#snp pabC#145#I#M#snp cysK2#93#G#S#snp fadA#150#S#G#snp PPE13#436#Q#P#snp Rv0881#115#G#R#snp Rv0881#247#R#W#snp Rv0882#46#G#C#snp Rv0890c#866#P#A#snp Rv0891c#37#V#G#snp pstA1#5#M#T#snp ligD#344#C#R#snp ligD#516#L#F#snp Rv0950c#-28#CCAG#C#del purH#-54#A#G#snp Rv0958#274#S#P#snp lprP#186#P#L#snp Rv0964c#124#P#T#snp Rv0966c#175#V#A#snp accD2#51#N#K#snp pepD#390#L#P#snp dnaN#-75#T#C#snp recF#245#I#T#snp gyrB#94#P#L#snp gyrA#21#E#Q#snp gyrA#95#S#T#snp gyrA#668#G#D#snp gyrA#-80#G#A#snp Rv0012#55#D#N#snp Rv0012#233#C#R#snp Rv0021c#-78#G#C#snp Rv0030#broken Rv0031#-31#A#C#snp Rv0037c#-55#T#C#snp Rv0038#-47#T#C#snp ponA1#631#-#P#ins dnaB#552#R#G#snp Rv0059#191#P#L#snp Rv0064#136#V#L#snp Rv0064#457#G#D#snp Rv0064#733#N#D#snp Rv0068#214#V#L#snp ctpA#536#R#S#snp Rv0094c#276#N#K#snp Rv0094c#-49#G#A#snp Rv0095c#57#D#E#snp nrp#1280#L#F#snp ctpB#22#L#S#snp ctpI#1571#S#F#snp Rv0108c#-73#A#AC#ins Rv0111#-88#C#T#snp fusA2#562#N#S#snp mak#18#S#P#snp ephF#271#G#S#snp Rv0138#115#I#V#snp PE2#291#G#E#snp PE3#14#T#A#snp mce1D#265#A#V#snp mce1F#370#L#P#snp Rv0175#138#M#T#snp Rv0181c#220#R#H#snp Rv0192#127#S#P#snp Rv0193c#417#K#E#snp Rv0194#74#M#T#snp Rv0204c#33#R#C#snp Rv0205#51#A#V#snp mmpL3#803#P#R#snp mmpL3#867#P#L#snp Rv0218#316#C#R#snp Rv0221#363#W#S#snp nrdB#33#H#D#snp aftD#326#A#T#snp aftD#1080#S#G#snp lpqI#240#V#A#snp Rv0245#-88#G#A#snp hsp#-8#A#G#snp Rv0259c#182#A#V#snp Rv0259c#-96#C#A#snp Rv0264c#96#G#A#snp PPE3#337#S#P#snp eccC3#214#P#R#snp eccE3#217#N#D#snp PE_PGRS5#88#A#V#snp Rv0315#260#K#T#snp Rv0318c#223#G#A#snp Rv0323c#142#S#G#snp cyp135A1#378#G#S#snp Rv0338c#506#R#G#snp Rv0338c#621#A#V#snp PPE8#2436#5#del Rv0366c#155#N#K#snp Rv0369c#122#E#K#snp Rv0376c#198#M#T#snp Rv0383c#-84#T#G#snp Rv0386#896#R#C#snp Rv0387c#-95#A#AC#ins PPE9#broken ndhA#-66#A#G#snp Rv0393#-76#A#G#snp Rv0395#80#V#A#snp Rv0412c#355#D#Y#snp thiG#75#S#C#snp ctpH#66#N#T#snp ctpH#689#M#V#snp PPE11#504#M#V#snp rrs#492#G#A#snp mcr11#78#G#A#snp mcr3#41#G#A#snp -#72800#C#T#snp -#160445#C#T#snp -#310557#A#G#snp -#330553#T#C#snp -#351628#T#C#snp -#413460#GGCC#G#del -#557822#C#CA#ins -#569870#A#G#snp -#816035#C#CACTACGCTGCCAG#ins -#820845#A#AG#ins -#883528#TCAACACGGGCTTCGGAAACGCCGGCGACAC#T#del -#996320#CGTGCCACCCCCTAG#C#del -#1028784#G#C#snp -#1163457#G#A#snp -#1163458#C#T#snp -#1163649#A#G#snp -#1163655#A#G#snp -#1163658#C#T#snp -#1163662#TTTTG#T#del -#1163676#C#G#snp -#1163679#G#A#snp -#1163681#C#T#snp -#1164216#G#C#snp -#1233087#G#C#snp -#1465694#C#T#snp -#1466365#C#A#snp -#1529928#GC#G#del -#1530077#T#C#snp -#1575956#C#T#snp -#1583513#A#G#snp -#1658834#G#T#snp -#1730874#A#C#snp -#1849528#G#T#snp -#1888324#C#CCGG#ins -#1958149#T#C#snp -#2042965#AT#A#del -#2146473#A#C#snp -#2151193#C#A#snp -#2182565#T#C#snp -#2188239#A#G#snp -#2203454#TGC#T#del -#2203940#A#AG#ins -#2204007#G#A#snp -#2336966#CG#C#del -#2336968#CGCATCGTCGCCGCGCTCGGCCTTATCGCGCGCCTCCTCAGCCCGCCGTCCCGGCG#C#del -#2337074#C#T#snp -#2372619#A#C#snp -#2381177#T#C#snp -#2381187#T#C#snp -#2381189#GC#G#del -#2477544#C#T#snp -#2549197#T#C#snp -#2575246#C#G#snp -#2682695#T#C#snp -#2718737#C#G#snp -#2798497#A#G#snp -#2798884#A#AATCCCTGGCGCACCGGTACCG#ins -#2966058#C#T#snp -#3054276#C#CG#ins -#3054418#G#A#snp -#3146540#CCGG#C#del -#3206263#G#A#snp -#3314899#A#C#snp -#3318210#G#A#snp -#3336253#A#G#snp -#3424969#G#A#snp -#3425069#C#G#snp -#3469053#A#G#snp -#3562880#T#C#snp -#3630137#A#G#snp -#3908178#C#G#snp -#3943894#C#A#snp -#3943911#A#C#snp -#3943942#A#G#snp -#3943947#C#G#snp -#3943968#T#G#snp -#3943975#T#G#snp -#3943986#C#G#snp -#3944006#G#C#snp -#3944016#C#G#snp -#3944022#G#GC#ins -#4117822#CA#C#del -#4242838#C#A#snp -#4277693#G#A#snp -#4377488#A#G#snp -#4378075#G#A#snp 