Rv2956#-62#C#T#snp
purU#143#M#L#snp
Rv2971#152#N#H#snp
Rv2974c#-8#GGC#G#del
Rv2975c#broken
thiL#146#V#A#snp
ddlA#365#T#A#snp
lppY#212#M#L#snp
cfp6#-10#T#C#snp
Rv3015c#167#F#C#snp
serB2#116#G#E#snp
Rv3047c#53#T#A#snp
nrdE#519#Q#R#snp
cyp136#445#D#G#snp
ligB#91#P#S#snp
cstA#559#R#S#snp
Rv3076#98#R#H#snp
atsF#310#G#R#snp
Rv3081#220#F#L#snp
lipR#236#A#P#snp
Rv3087#312#S#A#snp
Rv3087#447#L#V#snp
tgs4#-77#G#C#snp
fadD13#-75#C#G#snp
Rv3093c#210#C#W#snp
lipY#58#G#A#snp
prfB#-94#C#CT#ins
fprA#-9#C#CT#ins
Rv3113#134#G#E#snp
Rv3114#11#S#P#snp
cyp141#157#K#E#snp
Rv3127#318#L#S#snp
Rv3137#168#P#L#snp
Rv3142c#-80#G#T#snp
Rv3143#-28#G#T#snp
PPE52#400#K#Q#snp
nuoG#474#I#M#snp
nuoG#604#T#A#snp
PPE53#broken
Rv3161c#62#V#L#snp
aofH#broken
Rv3173c#-4#C#T#snp
Rv3174#28#G#S#snp
Rv3174#-89#C#T#snp
Rv3182#-27#G#A#snp
Rv3190c#138#L#P#snp
nudC#239#P#R#snp
Rv3201c#269#Q#R#snp
Rv3202c#902#E#K#snp
Rv3204#34#T#A#snp
Rv3213c#144#K#E#snp
Rv3220c#96#G#R#snp
Rv3224A#-59#G#A#snp
Rv3224B#21#G#V#snp
Rv3233c#-21#C#CG#ins
kefB#102#T#A#snp
mtrB#517#M#L#snp
pmmA#206#S#L#snp
Rv3263#270#E#A#snp
Rv3272#181#V#M#snp
Rv3282#80#A#D#snp
sseA#276#E#K#snp
Rv3284#-65#C#T#snp
usfY#-41#G#A#snp
lhr#492#K#T#snp
atsB#773#P#L#snp
glpD2#-81#C#A#snp
lpdA#308#L#S#snp
sdhD#54#V#L#snp
sdhD#112#T#A#snp
vapB44#-11#G#A#snp
sigJ#41#P#Q#snp
Rv3329#122#Q#H#snp
sugI#423#P#L#snp
PPE54#103#E#A#snp
Rv3365c#687#S#R#snp
Rv3365c#698#Q#R#snp
spoU#92#R#H#snp
dxs2#-2#C#CGT#ins
idsB#132#V#G#snp
htdY#165#P#S#snp
Rv3395c#-39#T#C#snp
Rv3395c#-36#C#A#snp
Rv3395A#-44#T#C#snp
Rv3395A#-47#C#A#snp
Rv3399#330#A#E#snp
Rv3402c#16#A#E#snp
vapB47#84#R#C#snp
vapC47#46#S#L#snp
vapC47#-47#G#A#snp
guaB2#391#A#T#snp
Rv3424c#96#V#A#snp
PPE59#24#S#F#snp
PPE59#25#A#F#snp
Rv3434c#89#L#R#snp
rplM#-85#GT#G#del
esxU#43#P#S#snp
Rv3446c#284#R#P#snp
eccC4#1082#S#G#snp
mycP4#87#T#A#snp
Rv3453#broken
Rv3454#-96#TA#T#del
rmlC#115#E#D#snp
Rv3467#315#K#E#snp
rmlB3#62#I#V#snp
kgtP#81#L#F#snp
PPE60#103#R#G#snp
PPE60#387#P#L#snp
Rv3479#174#L#R#snp
Rv3479#-93#G#T#snp
lipF#233#R#C#snp
lipF#-40#C#CCGAACAACGATAAA#ins
otsA#77#E#G#snp
otsA#334#V#L#snp
mce4C#191#R#S#snp
fadD19#55#D#Y#snp
echA19#86#G#D#snp
Rv3521#295#N#D#snp
ltp4#324#T#I#snp
ltp4#-45#T#C#snp
ltp3#68#F#L#snp
Rv3531c#313#F#L#snp
PPE62#broken
kstD#409#R#S#snp
ltp2#224#V#L#snp
Rv3542c#-3#C#T#snp
fdxB#125#G#E#snp
fadE30#-33#A#G#snp
fadD3#-15#A#G#snp
fadE32#275#W#S#snp
hsaB#179#I#T#snp
Rv3586#288#T#A#snp
Rv3591c#156#F#L#snp
lysS#454#A#T#snp
espA#192#T#I#snp
espA#-41#G#T#snp
Rv3618#149#E#A#snp
esxV#20#Q#L#snp
esxV#23#S#L#snp
esxW#2#T#A#snp
Rv3630#40#A#T#snp
Rv3649#93#L#P#snp
Rv3654c#-89#TC#T#del
Rv3671c#363#I#V#snp
crp#45#D#N#snp
Rv3680#199#G#A#snp
ponA2#619#A#T#snp
Rv3683#-64#AGG#A#del
Rv3691#165#A#T#snp
Rv3691#267#T#S#snp
dnaQ#76#G#D#snp
dnaQ#211#V#L#snp
recR#44#G#C#snp
Rv3718c#-81#T#C#snp
Rv3719#12#T#A#snp
Rv3722c#158#M#T#snp
cut5b#83#A#S#snp
Rv3725#176#V#L#snp
Rv3727#393#G#R#snp
Rv3729#269#P#S#snp
Rv3729#516#Q#H#snp
Rv3730c#-32#C#A#snp
ligC#313#R#H#snp
ligC#-6#C#A#snp
Rv3737#40#D#G#snp
Rv3748#-95#C#CA#ins
Rv3750c#-20#AC#A#del
proV#84#N#D#snp
proV#-24#T#C#snp
proX#85#L#P#snp
tcrY#246#C#R#snp
Rv3770c#98#P#A#snp
hisC2#142#T#A#snp
Rv3773c#137#G#V#snp
echA21#124#G#D#snp
Rv3776#112#S#L#snp
Rv3776#329#M#V#snp
Rv3776#-16#AG#A#del
Rv3777#160#V#A#snp
Rv3778c#47#A#V#snp
glfT1#274#V#A#snp
rfbD#-91#A#G#snp
Rv3786c#25#V#A#snp
Rv3788#61#I#L#snp
embB#306#M#V#snp
fadE35#328#S#P#snp
pks13#1014#T#M#snp
pks13#1646#A#D#snp
fadD32#227#G#S#snp
clp6#-17#T#TG#ins
aftB#397#D#G#snp
pirG#163#S#N#snp
papA2#466#P#L#snp
fadD23#422#E#Q#snp
Rv3829c#-59#G#GT#ins
Rv3833#105#V#I#snp
Rv3835#294#L#R#snp
Rv3837c#15#G#D#snp
Rv3839#122#P#S#snp
glpQ1#255#H#Y#snp
whiB6#-76#AG#A#del
eccB1#210#D#N#snp
PPE68#-36#C#A#snp
espK#660#E#A#snp
espK#-46#C#T#snp
eccA2#215#E#G#snp
PPE69#19#T#K#snp
eccC2#broken
Rv3896c#193#Q#K#snp
Rv3897c#-15#T#C#snp
Rv3898c#broken
mutT4#48#R#G#snp
parA#-57#A#G#snp
gid#92#E#D#snp
Rv3920c#-26#G#A#snp
mmuM#125#Y#C#snp
aglA#331#V#A#snp
gdh#1043#S#G#snp
Rv2481c#-54#T#C#snp
plsB2#778#C#R#snp
plsC#-76#G#A#snp
Rv2484c#466#G#D#snp
lipQ#60#R#L#snp
lipQ#-83#C#T#snp
lipQ#-74#C#T#snp
Rv2488c#265#T#I#snp
Rv2492#70#A#D#snp
vapC38#48#V#A#snp
bkdC#103#Y#D#snp
bkdC#107#T#A#snp
accD1#325#F#V#snp
Rv2513#122#T#K#snp
Rv2515c#310#A#T#snp
Rv2516c#62#A#V#snp
PE26#67#V#A#snp
fas#2771#C#R#snp
Rv2525c#-57#A#G#snp
vapB17#26#1#del
Rv2542#211#T#A#snp
lppA#47#G#D#snp
lppA#137#I#V#snp
lppA#138#A#V#snp
lppA#139#A#T#snp
lppB#47#G#D#snp
lppB#59#H#N#snp
lppB#75#Q#R#snp
vapB18#broken
Rv2560#210#V#L#snp
Rv2561#broken
Rv2562#73#A#T#snp
glnQ#243#M#L#snp
Rv2566#610#L#P#snp
Rv2567#645#Q#R#snp
apt#147#A#E#snp
Rv2585c#462#C#S#snp
vapC40#77#C#R#snp
Rv2600#-51#A#G#snp
Rv2611c#102#I#M#snp
Rv2611c#197#S#C#snp
Rv2621c#110#A#V#snp
Rv2627c#104#R#G#snp
Rv2629#64#D#A#snp
Rv2649#broken
Rv2650c#3#N#T#snp
Rv2650c#101#I#T#snp
Rv2659c#-43#T#C#snp
clpC2#-23#T#C#snp
Rv2672#317#H#D#snp
Rv2681#200#V#M#snp
arsB1#378#A#G#snp
arsB1#-79#G#A#snp
Rv2688c#156#P#T#snp
ceoB#117#T#A#snp
ceoB#164#D#G#snp
ceoC#133#I#V#snp
Rv2693c#126#G#R#snp
ppgK#203#I#T#snp
Rv2709#19#3#del
Rv2712c#329#T#I#snp
Rv2714#245#V#A#snp
Rv2719c#124#Y#H#snp
fadE20#156#V#M#snp
fadE20#-86#A#G#snp
Rv2729c#202#A#E#snp
recX#59#V#L#snp
hsdM#306#L#P#snp
PE27#136#A#V#snp
PE27#270#V#M#snp
PPE44#194#F#S#snp
Rv2771c#80#L#P#snp
Rv2779c#-34#A#G#snp
ald#-32#A#G#snp
pptT#87#M#V#snp
Rv2804c#73#A#V#snp
Rv2805#4#G#D#snp
Rv2807#72#E#V#snp
Rv2809#-24#C#G#snp
Rv2823c#101#-#YIA#ins
Rv2825c#2#K#E#snp
Rv2828c#141#T#R#snp
vapC22#-46#C#T#snp
vapB22#56#A#V#snp
echA16#156#D#Y#snp
Rv2837c#8#S#N#snp
Rv2862c#50#C#R#snp
Rv2862c#-56#CG#C#del
vapB23#broken
vapC23#-62#G#A#snp
relF#-85#G#T#snp
rip#259#V#F#snp
dipZ#672#Y#D#snp
Rv2891#6#A#V#snp
fdhD#84#A#V#snp
lppW#81#Q#R#snp
Rv2915c#231#E#D#snp
Rv2917#594#R#L#snp
acyP#-27#GCAC#G#del
Rv2923c#126#1#del
ppsA#broken
mas#2005#T#P#snp
fadD28#436#T#A#snp
pks1#-28#G#GGGGCCGC#ins
pks15#333#V#A#snp
pks15#491#R#P#snp
Rv2952#176#G#R#snp
Rv2955c#-61#C#T#snp
mce3A#47#A#T#snp
mce3F#396#A#E#snp
Rv1972#124#H#Q#snp
Rv1978#226#S#T#snp
Rv1986#12#C#Y#snp
Rv1999c#240#L#M#snp
Rv2000#219#P#Q#snp
otsB1#-3#T#C#snp
Rv2017#262#A#E#snp
Rv2024c#47#W#R#snp
Rv2024c#154#D#G#snp
Rv2037c#312#C#Y#snp
Rv2039c#131#V#F#snp
pncA#151#L#S#snp
Rv2047c#174#T#A#snp
pks12#2147#H#Q#snp
pks12#3649#P#A#snp
rpsN2#-50#A#G#snp
rpsN2#-30#G#T#snp
rpmG1#46#R#L#snp
Rv2059#71#H#Q#snp
Rv2059#317#T#K#snp
cobN#145#R#H#snp
cobN#677#E#K#snp
cobM#145#I#M#snp
cobL#205#L#P#snp
Rv2075c#364#P#Q#snp
Rv2078#6#E#G#snp
Rv2079#47#Y#C#snp
Rv2082#638#P#R#snp
Rv2083#256#L#V#snp
pknJ#30#L#R#snp
pepE#336#P#L#snp
Rv2090#358#F#L#snp
pafB#174#S#P#snp
helZ#601#P#Q#snp
vapC37#16#T#A#snp
prcA#135#R#P#snp
prcA#182#R#G#snp
metH#1098#Y#D#snp
Rv2125#33#G#S#snp
ansP1#9#G#D#snp
pyrD#339#G#S#snp
murD#247#R#G#snp
Rv2160A#155#C#R#snp
Rv2160c#63#V#A#snp
PE_PGRS38#-87#T#C#snp
Rv2168c#-92#T#A#snp
Rv2168c#-52#C#CAGCCGGGTCGTCACCGGCTGTCGGCGATAT#ins
aroG#265#D#E#snp
fadD15#100#T#I#snp
Rv2206#-31#T#G#snp
Rv2226#299#D#N#snp
cobD#79#S#C#snp
accD6#229#D#G#snp
Rv2248#199#V#G#snp
Rv2252#-15#A#G#snp
mscR#236#V#A#snp
Rv2262c#329#-#V#ins
Rv2264c#487#T#A#snp
mazF8#41#G#V#snp
cyp121#318#H#Y#snp
Rv2280#6#A#G#snp
lppO#16#A#S#snp
Rv2295#-2#T#TG#ins
Rv2295#-4#T#C#snp
Rv2302#-57#G#T#snp
Rv2307c#24#M#T#snp
Rv2308#212#D#N#snp
uspA#67#D#H#snp
uspA#127#V#L#snp
PE23#282#S#R#snp
PE23#344#A#T#snp
mez#357#G#S#snp
stp#69#D#Y#snp
Rv2336#-91#A#G#snp
Rv2337c#119#G#V#snp
mmpL9#broken
dgt#300#E#A#snp
esxP#-81#C#T#snp
plcC#361#G#C#snp
plcA#446#T#A#snp
Rv2360c#66#A#T#snp
Rv2366c#155#R#C#snp
mbtF#589#E#D#snp
mbtB#674#V#L#snp
cysW#141#G#A#snp
subI#76#A#T#snp
PE24#216#G#V#snp
Rv2409c#224#T#N#snp
Rv2415c#-11#G#A#snp
nadD#-44#A#C#snp
Rv2426c#-39#GGCTAGAGGAGACCCGATCGT#G#del
Rv2433c#26#L#R#snp
Rv2435c#236#L#V#snp
rbsK#282#V#A#snp
proB#-27#T#G#snp
obg#471#S#R#snp
dctA#-16#A#G#snp
rpfE#20#T#R#snp
rpfE#126#R#Q#snp
Rv0987#372#A#V#snp
Rv0987#717#F#V#snp
Rv0987#-74#G#T#snp
Rv0988#191#L#A#snp
grcC2#321#I#V#snp
Rv0990c#54#S#A#snp
Rv0991c#-17#C#T#snp
Rv0992c#15#A#V#snp
galU#198#V#L#snp
galU#235#Q#R#snp
rimJ#23#G#S#snp
metS#39#R#G#snp
tatD#187#T#N#snp
eno#8#R#G#snp
Rv1024#-10#T#G#snp
kdpE#60#G#S#snp
kdpD#368#P#S#snp
esxI#20#Q#L#snp
Rv1046c#151#R#S#snp
Rv1048c#23#E#D#snp
Rv1054#77#G#D#snp
Rv1055#-82#C#T#snp
PE_PGRS19#111#L#W#snp
Rv1073#-74#A#C#snp
Rv1075c#-48#T#C#snp
lipU#272#Q#P#snp
Rv1086#259#S#R#snp
PE10#broken
celA2b#49#Q#K#snp
glyA1#36#V#A#snp
Rv1096#-18#A#G#snp
mazF3#65#T#I#snp
Rv1125#101#S#G#snp
ppdK#69#G#E#snp
Rv1128c#270#E#G#snp
Rv1129c#-28#T#C#snp
prpD#3#D#G#snp
Rv1152#105#G#A#snp
Rv1154c#123#T#A#snp
Rv1155#115#S#P#snp
pimE#4#T#P#snp
mutT2#58#G#R#snp
narJ#179#P#R#snp
narI#-73#G#C#snp
PPE17#167#P#L#snp
fadH#210#C#S#snp
Rv1179c#-40#T#TG#ins
Rv1179c#-39#T#C#snp
pks4#-43#T#G#snp
mmpL10#254#Y#H#snp
mmpL10#408#T#A#snp
Rv1186c#207#P#A#snp
fadD36#124#P#L#snp
PPE18#287#R#Q#snp
fadD6#134#E#D#snp
folP2#-19#T#C#snp
Rv1216c#-63#A#G#snp
Rv1217c#173#A#T#snp
Rv1218c#243#Q#R#snp
Rv1219c#-36#T#C#snp
htrA#-33#A#ACC#ins
tatB#8#W#G#snp
Rv1225c#broken
Rv1227c#-27#A#C#snp
lpqX#-68#A#C#snp
Rv1230c#45#S#G#snp
Rv1230c#289#1#del
Rv1230c#-4#T#C#snp
Rv1232c#149#C#G#snp
corA#139#K#E#snp
Rv1248c#764#V#M#snp
pknH#607#R#Q#snp
Rv1269c#broken
argS#86#P#L#snp
thrC#237#G#S#snp
hemK#194#R#C#snp
alkA#12#I#V#snp
Rv1320c#531#T#A#snp
Rv1321#144#S#R#snp
glgB#470#S#P#snp
dinG#80#T#K#snp
dinG#-85#G#C#snp
pncB1#429#G#A#snp
Rv1357c#-95#C#A#snp
Rv1364c#465#A#E#snp
Rv1367c#169#I#V#snp
lprF#260#A#V#snp
Rv1372#320#I#V#snp
Rv1373#231#P#L#snp
Rv1374c#136#T#A#snp
Rv1378c#37#R#W#snp
carA#273#S#P#snp
PPE20#57#E#D#snp
cyp132#135#R#L#snp
PE_PGRS25#66#R#S#snp
lipI#90#F#L#snp
lipI#106#T#P#snp
uvrC#289#V#I#snp
uvrC#434#V#A#snp
Rv1431#65#N#T#snp
Rv1432#-9#T#C#snp
Rv1435c#broken
Rv1439c#29#L#I#snp
bisC#131#L#V#snp
opcA#11#-#T#ins
opcA#192#R#P#snp
tal#244#T#A#snp
tkt#18#Y#D#snp
Rv1453#405#P#Q#snp
Rv1453#-17#G#A#snp
Rv1458c#133#T#A#snp
Rv1459c#113#K#E#snp
Rv1461#150#V#I#snp
Rv1462#183#N#D#snp
Rv1463#198#E#G#snp
Rv1478#180#H#P#snp
Rv1486c#198#K#N#snp
Rv1489#52#K#T#snp
lipL#42#M#V#snp
Rv1498c#191#R#H#snp
Rv1502#213#Y#C#snp
Rv1505c#51#A#T#snp
Rv1508c#16#P#S#snp
Rv1508A#-17#C#T#snp
Rv1510#-80#G#A#snp
Rv1514c#-90#G#T#snp
Rv1515c#281#G#V#snp
Rv1517#188#L#F#snp
Rv1520#215#R#C#snp
mmpL12#381#S#P#snp
pks5#2061#L#R#snp
Rv1532c#76#A#P#snp
ansA#281#G#S#snp
frdC#40#M#V#snp
Rv1566c#-39#G#A#snp
bioD#191#M#T#snp
Rv1592c#322#I#V#snp
Rv1597#21#G#D#snp
impA#124#P#Q#snp
polA#186#T#P#snp
polA#188#R#G#snp
Rv1634#198#G#R#snp
lysX#701#I#T#snp
tsnR#232#L#P#snp
pheS#276#A#D#snp
pks7#814#E#A#snp
pks8#1228#L#V#snp
pks8#1357#A#T#snp
Rv1667c#-72#G#GCGCGGCAAGA#ins
Rv1676#34#A#T#snp
Rv1678#-60#T#G#snp
moeX#277#T#A#snp
cycA#93#R#L#snp
PPE22#313#L#V#snp
Rv1716#178#S#G#snp
Rv1723#183#P#L#snp
Rv1730c#435#D#E#snp
Rv1733c#68#Q#H#snp
Rv1739c#32#G#V#snp
Rv1739c#134#R#L#snp
PPE24#488#N#T#snp
Rv1769#401#D#A#snp
Rv1770#-51#T#G#snp
Rv1776c#-59#C#T#snp
cyp144#-42#C#T#snp
cyp143#334#G#A#snp
PPE31#223#F#S#snp
PPE31#234#V#L#snp
PPE32#301#G#A#snp
PPE33#252#V#L#snp
Rv1812c#30#L#P#snp
Rv1815#83#I#F#snp
secA2#410#V#M#snp
Rv1823#24#Q#K#snp
gcvH#121#T#K#snp
Rv1830#-87#G#A#snp
Rv1835c#179#C#R#snp
glcB#104#G#S#snp
gnd1#89#2#del
blaR#-18#T#C#snp
Rv1847#132#R#W#snp
ureA#-78#G#A#snp
apa#136#F#L#snp
adhA#-18#A#AC#ins
lldD2#59#G#A#snp
lldD2#253#V#M#snp
lldD2#-18#A#C#snp
Rv1873#-5#A#C#snp
Rv1883c#73#-#VCEVT#ins
fbpB#-3#A#G#snp
Rv1898#73#A#G#snp
lipJ#204#I#M#snp
Rv1904#90#L#W#snp
katG#315#S#T#snp
katG#463#R#L#snp
fadB5#328#D#G#snp
aceAa#179#G#D#snp
PPE34#676#S#A#snp
PPE34#1313#N#D#snp
PPE35#896#L#S#snp
Rv1920#253#E#A#snp
lppF#-65#T#G#snp
fadD31#94#R#C#snp
Rv1927#51#E#D#snp
fadE17#102#N#S#snp
fadE17#172#I#T#snp
Rv1936#68#Q#H#snp
ephB#158#G#W#snp
Rv1948c#5#G#R#snp
Rv1949c#broken
Rv1957#-84#G#A#snp
Rv0465c#106#C#R#snp
pcaA#-66#G#A#snp
pcaA#-65#G#A#snp
mshA#187#A#V#snp
Rv0492c#70#S#A#snp
Rv0493c#174#S#G#snp
mmpL2#426#R#H#snp
Rv0518#-68#A#C#snp
ccsA#245#I#M#snp
Rv0530#231#P#L#snp
galE3#80#V#I#snp
Rv0537c#290#T#A#snp
Rv0538#228#R#P#snp
pitA#49#P#S#snp
vapB3#-50#T#C#snp
Rv0556#15#L#R#snp
gpdA1#-37#A#C#snp
Rv0565c#110#R#H#snp
Rv0572c#31#F#L#snp
Rv0575c#238#D#V#snp
Rv0576#233#R#H#snp
yrbE2B#113#A#T#snp
mce2A#51#F#S#snp
mce2B#broken
Rv0590A#-11#G#GC#ins
mce2D#-36#A#C#snp
mce2D#-51#T#G#snp
mce2F#432#N#S#snp
Rv0597c#-14#C#A#snp
tcrA#-41#T#G#snp
Rv0603#-16#T#G#snp
Rv0613c#728#T#A#snp
galTb#broken
galK#199#C#R#snp
galK#-23#T#C#snp
recD#120#E#D#snp
mmaA2#213#E#D#snp
Rv0658c#75#L#P#snp
atsD#335#R#S#snp
atsD#349#D#G#snp
rpoB#450#S#L#snp
echA4#125#F#L#snp
mmpL5#767#D#N#snp
mmpL5#794#T#I#snp
mmpL5#948#I#V#snp
Rv0679c#142#N#K#snp
rpsL#43#K#R#snp
Rv0691c#140#A#T#snp
Rv0697#475#A#P#snp
Rv0699#13#D#G#snp
fucA#6#A#D#snp
serA2#242#R#H#snp
Rv0745#153#T#M#snp
PE_PGRS9#-90#G#A#snp
Rv0750#-3#G#A#snp
PPE12#broken
phoR#172#P#L#snp
aldA#102#L#R#snp
ggtA#447#R#C#snp
Rv0775#86#R#Q#snp
Rv0785#87#1#del
Rv0785#408#C#F#snp
Rv0787#267#Y#H#snp
pepC#139#L#R#snp
purF#476#R#L#snp
pabC#145#I#M#snp
Rv0823c#310#Y#C#snp
Rv0825c#68#F#C#snp
narL#169#G#R#snp
Rv0845#219#A#E#snp
cysK2#93#G#S#snp
cysK2#314#P#S#snp
far#24#A#V#snp
dapC#274#A#T#snp
fadA#150#S#G#snp
Rv0862c#749#L#S#snp
Rv0874c#243#G#S#snp
PPE13#broken
Rv0881#115#G#R#snp
Rv0888#broken
Rv0890c#234#E#G#snp
Rv0890c#866#P#A#snp
Rv0891c#37#V#G#snp
Rv0893c#31#K#E#snp
Rv0893c#-51#C#T#snp
Rv0907#459#Y#S#snp
betP#-84#T#G#snp
Rv0918#46#S#G#snp
Rv0927c#141#1#del
pstA1#5#M#T#snp
ligD#344#C#R#snp
Rv0945#180#R#G#snp
purH#-54#A#G#snp
Rv0958#274#S#P#snp
Rv0959#238#N#D#snp
lprP#186#P#L#snp
Rv0964c#124#P#T#snp
Rv0964c#-11#T#G#snp
Rv0966c#175#V#A#snp
ctpV#484#D#N#snp
accD2#51#N#K#snp
Rv0976c#-17#G#GC#ins
mprB#339#L#H#snp
mprB#-66#G#A#snp
pepD#390#L#P#snp
pepD#-8#C#T#snp
dnaN#-75#T#C#snp
recF#245#I#T#snp
gyrA#21#E#Q#snp
gyrA#95#S#T#snp
gyrA#668#G#D#snp
Rv0012#233#C#R#snp
Rv0012#258#G#V#snp
trpG#68#I#M#snp
trpG#-53#C#A#snp
pknB#451#R#L#snp
pknA#369#Q#R#snp
pknA#370#Q#P#snp
fhaA#237#6#del
Rv0021c#276#V#G#snp
Rv0021c#-78#G#C#snp
bioF2#199#P#Q#snp
bioF2#572#D#H#snp
fadD34#16#S#W#snp
fadD34#26#T#S#snp
Rv0037c#15#H#N#snp
Rv0039c#24#C#F#snp
leuS#403#R#G#snp
Rv0045c#194#V#I#snp
ino1#190#R#G#snp
Rv0048c#250#V#A#snp
ponA1#631#-#PPP#ins
dnaB#552#R#G#snp
Rv0059#-54#C#A#snp
Rv0064#457#G#D#snp
Rv0064#550#V#F#snp
Rv0064#733#N#D#snp
Rv0067c#-35#G#T#snp
Rv0068#214#V#L#snp
Rv0068#-68#G#T#snp
Rv0071#-6#A#G#snp
Rv0074#96#-#LDPVDPVDAVV#ins
Rv0078A#112#E#K#snp
Rv0088#-33#G#A#snp
Rv0090#229#3#del
Rv0093c#-93#C#A#snp
Rv0093c#-90#A#AGAAGCTGCT#ins
Rv0093c#-87#GATTCCT#G#del
Rv0094c#303#P#H#snp
Rv0094c#305#R#K#snp
Rv0094c#306#F#L#snp
Rv0094c#307#-#L#ins
Rv0095c#26#G#V#snp
Rv0095c#57#D#E#snp
Rv0095c#70#S#T#snp
PPE1#138#V#A#snp
ctpB#22#L#S#snp
ctpI#1571#S#F#snp
Rv0108c#-73#A#AC#ins
hddA#262#G#V#snp
oxyS#142#D#N#snp
oxcA#224#S#G#snp
fusA2#170#D#E#snp
fusA2#562#N#S#snp
mak#18#S#P#snp
cyp138#114#P#F#snp
Rv0143c#479#A#S#snp
Rv0148#274#T#N#snp
Rv0149#-47#G#T#snp
PE3#14#T#A#snp
mce1R#171#G#P#snp
mce1R#173#G#Q#snp
mce1A#313#S#A#snp
mce1C#263#L#F#snp
mce1D#188#I#T#snp
mce1F#370#L#P#snp
sigG#287#G#D#snp
sigG#332#D#Y#snp
Rv0185#88#A#V#snp
Rv0191#213#A#T#snp
Rv0192#127#S#P#snp
Rv0193c#417#K#E#snp
Rv0194#74#M#T#snp
Rv0194#1098#P#L#snp
Rv0209#162#V#A#snp
Rv0210#486#A#T#snp
Rv0218#316#C#R#snp
Rv0221#21#M#I#snp
Rv0223c#5#A#G#snp
Rv0226c#379#P#A#snp
nrdB#33#H#D#snp
aftD#1080#S#G#snp
aftD#1081#A#V#snp
Rv0236A#-67#G#GGCCCA#ins
lpqI#-48#G#GGCCCA#ins
Rv0245#103#S#F#snp
nirB#775#V#L#snp
Rv0259c#182#A#V#snp
Rv0259c#-96#C#A#snp
Rv0275c#92#P#R#snp
PE_PGRS3#broken
PE_PGRS4#77#V#T#snp
PPE3#257#E#K#snp
PPE3#337#S#P#snp
Rv0281#248#E#G#snp
eccA3#6#E#A#snp
eccC3#214#P#R#snp
espG3#114#T#N#snp
eccD3#76#S#N#snp
eccD3#95#A#T#snp
eccE3#217#N#D#snp
Rv0299#-12#C#T#snp
Rv0302#84#H#D#snp
PPE5#1546#5#del
Rv0308#-99#G#A#snp
Rv0311#119#E#D#snp
Rv0315#39#P#S#snp
Rv0315#260#K#T#snp
Rv0318c#125#G#E#snp
Rv0318c#223#G#A#snp
Rv0323c#142#S#G#snp
Rv0324#168#T#A#snp
Rv0325#broken
Rv0326#-12#A#G#snp
Rv0331#-2#A#G#snp
Rv0338c#506#R#G#snp
Rv0338c#621#A#V#snp
Rv0348#112#A#S#snp
PPE8#715#G#D#snp
Rv0368c#249#R#H#snp
Rv0376c#14#T#P#snp
Rv0377#-88#A#C#snp
Rv0380c#76#M#V#snp
Rv0383c#-84#T#G#snp
Rv0387c#-95#A#AC#ins
PPE9#broken
Rv0395#80#V#A#snp
Rv0398c#29#E#D#snp
mmpL1#539#H#P#snp
fadD30#207#P#L#snp
fadD30#-42#A#C#snp
pks6#692#F#L#snp
pta#122#G#A#snp
pta#-44#A#G#snp
Rv0412c#355#D#Y#snp
thiG#75#S#C#snp
lpqM#297#A#T#snp
Rv0420c#-64#CG#C#del
ctpH#689#M#V#snp
Rv0428c#149#D#G#snp
Rv0431#-86#G#A#snp
pssA#167#G#V#snp
rskA#81#E#D#snp
Rv0452#125#H#D#snp
Rv0457c#82#R#P#snp
F6#31#C#CG#ins
mcr11#78#G#A#snp
mcr11#90#GC#G#del
mcr3#41#G#A#snp
ncrMT3949#3#C#T#snp
-#18354#T#C#snp
-#27525#G#C#snp
-#31852#G#C#snp
-#32482#AC#A#del
-#33028#A#G#snp
-#72800#C#T#snp
-#81750#C#T#snp
-#91547#C#G#snp
-#91704#C#T#snp
-#196544#C#T#snp
-#310557#A#G#snp
-#336110#A#G#snp
-#351628#T#C#snp
-#354839#C#A#snp
-#424159#GC#G#del
-#440938#G#C#snp
-#612936#T#C#snp
-#633136#G#A#snp
-#668533#TC#T#del
-#790109#T#C#snp
-#872385#TC#T#del
-#882465#C#G#snp
-#964239#A#C#snp
-#996320#CGTGCCACCCCCTAG#C#del
-#1100906#A#G#snp
-#1101105#A#G#snp
-#1162507#A#C#snp
-#1163457#G#A#snp
-#1163458#C#T#snp
-#1163649#A#G#snp
-#1163655#A#G#snp
-#1163658#C#T#snp
-#1163662#TTTTG#T#del
-#1163676#C#G#snp
-#1163679#G#A#snp
-#1163681#C#T#snp
-#1164216#G#C#snp
-#1275926#T#C#snp
-#1301392#C#A#snp
-#1438066#C#CGAA#ins
-#1442335#T#C#snp
-#1529928#GC#G#del
-#1543650#AT#A#del
-#1583513#A#G#snp
-#1658834#G#T#snp
-#1719432#G#A#snp
-#1730874#A#C#snp
-#1779186#G#GT#ins
-#1792261#A#G#snp
-#1796620#CG#C#del
-#1888324#C#CCGG#ins
-#1894965#C#G#snp
-#1901182#G#C#snp
-#2042965#AT#A#del
-#2053500#G#GC#ins
-#2142905#C#G#snp
-#2143099#G#T#snp
-#2146473#A#C#snp
-#2151432#G#A#snp
-#2182565#T#C#snp
-#2186167#A#G#snp
-#2188239#A#G#snp
-#2203940#A#AG#ins
-#2269266#G#T#snp
-#2273096#T#C#snp
-#2302642#T#G#snp
-#2477544#C#T#snp
-#2575246#C#G#snp
-#2682695#T#C#snp
-#2713636#G#A#snp
-#2714855#GT#G#del
-#2742374#A#G#snp
-#2798497#A#G#snp
-#2798884#A#AATCCCTGGCGCACCGGTACCG#ins
-#2818201#C#T#snp
-#2992657#A#ACCCTGGCT#ins
-#3043207#G#GC#ins
-#3129650#G#A#snp
-#3135575#A#G#snp
-#3146462#C#A#snp
-#3196425#CA#C#del
-#3236189#G#A#snp
-#3247196#C#T#snp
-#3263273#T#C#snp
-#3314899#A#C#snp
-#3336253#A#G#snp
-#3376774#G#A#snp
-#3423940#G#GC#ins
-#3425069#C#G#snp
-#3434625#GC#G#del
-#3476921#C#A#snp
-#3477302#G#C#snp
-#3557270#TG#T#del
-#3563537#A#G#snp
-#3613090#T#C#snp
-#3630137#A#G#snp
-#3644118#C#T#snp
-#3723186#G#GT#ins
-#3800484#A#C#snp
-#3845877#T#C#snp
-#3869518#G#C#snp
-#3908178#C#G#snp
-#3943894#C#A#snp
-#3943911#A#C#snp
-#3943942#A#G#snp
-#3943947#C#G#snp
-#3943968#T#G#snp
-#3943975#T#G#snp
-#3943986#C#G#snp
-#3944006#G#C#snp
-#3944016#C#G#snp
-#3944022#G#GC#ins
-#4075127#T#C#snp
-#4075129#G#C#snp
-#4075132#G#C#snp
-#4075152#T#A#snp
-#4075419#C#T#snp
-#4180954#G#GA#ins
-#4277693#G#A#snp
-#4377488#A#G#snp
-#4385922#C#G#snp
-#4399712#G#C#snp
-#4409683#G#T#snp
