Rv2956#-62#C#T#snp Rv2959c#broken ddlA#365#T#A#snp lppY#212#M#L#snp cfp6#-10#T#C#snp Rv3032#405#P#R#snp Rv3032A#-65#G#C#snp serB2#116#G#E#snp Rv3057c#112#D#A#snp ligB#91#P#S#snp cstA#559#R#S#snp cstA#654#Y#D#snp atsF#310#G#R#snp Rv3092c#250#P#L#snp Rv3093c#210#C#W#snp prfB#-94#C#CT#ins fprA#-9#C#CT#ins moaA1#163#G#A#snp Rv3120#105#L#I#snp cyp141#157#K#E#snp Rv3136A#16#A#G#snp Rv3137#168#P#L#snp pflA#241#W#R#snp nuoD#392#G#A#snp nuoG#474#I#M#snp nuoG#604#T#A#snp Rv3179#342#Y#H#snp Rv3190c#138#L#P#snp Rv3193c#673#A#V#snp Rv3204#34#T#A#snp Rv3213c#144#K#E#snp Rv3217c#38#A#T#snp Rv3233c#-70#G#A#snp tgs3#250#R#H#snp kefB#370#A#T#snp Rv3239c#669#S#L#snp mtrB#517#M#L#snp mtrB#-20#G#A#snp glpD2#-81#C#A#snp sdhD#54#V#L#snp sdhA#269#E#D#snp moaX#88#R#W#snp sigJ#41#P#Q#snp Rv3329#122#Q#H#snp sugI#423#P#L#snp PPE54#103#E#A#snp Rv3365c#266#A#T#snp dxs2#-17#C#T#snp idsB#122#P#S#snp idsB#132#V#G#snp Rv3399#330#A#E#snp vapC47#46#S#L#snp gcp#2#T#M#snp PPE59#67#A#V#snp PPE59#68#G#E#snp PPE59#72#D#Q#snp Rv3439c#96#G#E#snp rplM#-85#GT#G#del eccC4#1082#S#G#snp cut3#259#L#R#snp cut4#-60#A#C#snp Rv3463#94#G#D#snp Rv3467#262#G#D#snp Rv3467#276#N#K#snp Rv3467#303#P#H#snp rmlB3#62#I#V#snp Rv3479#174#L#R#snp echA19#86#G#D#snp Rv3521#295#N#D#snp ltp4#324#T#I#snp ltp4#-45#T#C#snp PPE62#broken fadE28#292#I#L#snp PPE64#broken PE_PGRS58#broken espA#192#T#I#snp Rv3630#40#A#T#snp PE_PGRS61#-55#GC#G#del Rv3654c#-89#TC#T#del dppA#484#P#R#snp Rv3693#129#M#I#snp dnaQ#211#V#L#snp Rv3718c#-81#T#C#snp Rv3719#12#T#A#snp Rv3720#70#H#R#snp Rv3722c#305#D#E#snp Rv3723#16#G#S#snp Rv3727#537#I#T#snp ligC#313#R#H#snp Rv3737#40#D#G#snp Rv3748#-95#C#CA#ins Rv3750c#-20#AC#A#del proV#-24#T#C#snp tcrY#246#C#R#snp Rv3773c#159#K#R#snp lipE#164#D#N#snp Rv3776#329#M#V#snp Rv3786c#100#T#I#snp aftA#611#T#M#snp embB#306#M#V#snp clp6#50#V#F#snp mmpL8#1042#A#E#snp papA1#35#L#F#snp Rv3833#105#V#I#snp pheA#267#H#Y#snp glpQ1#60#D#G#snp gltD#224#E#K#snp gltB#713#I#V#snp gltB#-10#T#TA#ins whiB6#-76#AG#A#del espE#21#L#V#snp PPE68#-36#C#A#snp Rv3888c#16#I#V#snp esxD#53#A#V#snp PPE69#19#T#K#snp eccC2#258#R#P#snp Rv3896c#193#Q#K#snp cwlM#237#M#V#snp gid#16#L#R#snp gid#48#H#Y#snp mmuM#125#Y#C#snp gdh#1043#S#G#snp Rv2481c#-54#T#C#snp plsB2#778#C#R#snp bkdC#107#T#A#snp Rv2513#122#T#K#snp fas#2595#T#N#snp Rv2542#211#T#A#snp Rv2560#210#V#L#snp Rv2561#broken Rv2566#610#L#P#snp Rv2567#645#Q#R#snp Rv2567#883#P#L#snp apt#147#A#E#snp Rv2585c#462#C#S#snp Rv2600#-51#A#G#snp Rv2611c#102#I#M#snp Rv2611c#197#S#C#snp Rv2617c#44#N#S#snp Rv2627c#104#R#G#snp Rv2644c#-63#A#G#snp Rv2650c#101#I#T#snp Rv2650c#216#T#A#snp Rv2652c#4#P#S#snp Rv2688c#156#P#T#snp Rv2689c#99#L#R#snp ceoB#117#T#A#snp ppgK#203#I#T#snp Rv2715#broken Rv2716#147#A#T#snp Rv2729c#202#A#E#snp Rv2752c#300#V#A#snp thyA#202#T#A#snp PPE43#347#G#V#snp Rv2771c#80#L#P#snp Rv2779c#-34#A#G#snp ald#-32#A#G#snp pepR#228#P#L#snp ltp1#301#F#V#snp pptT#87#M#V#snp Rv2807#72#E#V#snp Rv2823c#101#-#YIA#ins Rv2825c#2#K#E#snp vapC22#-46#C#T#snp vapB22#56#A#V#snp Rv2850c#374#R#G#snp Rv2854#308#V#A#snp Rv2864c#522#I#V#snp dipZ#672#Y#D#snp Rv2897c#216#L#M#snp Rv2917#594#R#L#snp smc#526#R#L#snp fadD26#-67#C#T#snp ppsA#broken ppsE#3#I#V#snp pks15#333#V#A#snp Rv2955c#-61#C#T#snp mce3B#285#D#E#snp mce3F#331#P#R#snp mce3F#396#A#E#snp Rv1987#36#S#N#snp otsB1#-3#T#C#snp Rv2008c#55#I#L#snp Rv2017#262#A#E#snp Rv2022c#118#V#A#snp Rv2024c#47#W#R#snp Rv2024c#154#D#G#snp Rv2037c#231#I#T#snp Rv2037c#312#C#Y#snp Rv2039c#131#V#F#snp pks12#2147#H#Q#snp pks12#2597#M#I#snp pks12#3649#P#A#snp cobL#205#L#P#snp Rv2078#6#E#G#snp Rv2079#47#Y#C#snp Rv2082#638#P#R#snp Rv2083#256#L#V#snp Rv2090#358#F#L#snp helZ#601#P#Q#snp Rv2106#broken metH#125#G#R#snp Rv2125#33#G#S#snp murD#247#R#G#snp murE#25#G#V#snp PE_PGRS38#-87#T#C#snp Rv2168c#-52#C#CAGCCGGGTCGTCACCGGCTGTCGGCGATATTGAGTCCGGTT#ins aroG#265#D#E#snp aroG#283#E#D#snp mmpS3#-47#C#T#snp Rv2226#299#D#N#snp cobD#79#S#C#snp Rv2252#230#G#S#snp Rv2262c#329#-#V#ins Rv2302#-57#G#T#snp Rv2326c#43#A#S#snp Rv2337c#119#G#V#snp phoH1#208#Y#H#snp mbtF#589#E#D#snp cysW#141#G#A#snp Rv2407#63#-#HSDHIAE#ins Rv2415c#-11#G#A#snp nadD#-44#A#C#snp rbsK#282#V#A#snp nadE#133#R#L#snp Rv2446c#84#A#T#snp folC#40#E#K#snp rpfE#126#R#Q#snp grcC2#321#I#V#snp grcC2#-52#T#A#snp Rv0990c#61#H#Q#snp galU#235#Q#R#snp metS#39#R#G#snp tatD#187#T#N#snp kdpD#368#P#S#snp PE_PGRS19#111#L#W#snp Rv1075c#275#P#L#snp Rv1075c#-48#T#C#snp glyA1#36#V#A#snp Rv1096#-18#A#G#snp vapC32#68#V#A#snp Rv1132#545#-#ATGEFERGYVRVA#ins Rv1148c#271#L#V#snp Rv1154c#14#K#N#snp Rv1154c#123#T#A#snp fadH#210#C#S#snp Rv1179c#-40#T#TG#ins Rv1179c#-39#T#C#snp pks4#-43#T#G#snp Rv1186c#207#P#A#snp Rv1216c#-63#A#G#snp htrA#-33#A#AC#ins Rv1230c#45#S#G#snp Rv1230c#343#P#R#snp Rv1232c#149#C#G#snp corA#139#K#E#snp cyp130#145#K#N#snp pknH#607#R#Q#snp Rv1268c#189#G#R#snp Rv1278#365#A#S#snp Rv1288#62#D#E#snp argS#182#I#S#snp hemK#151#H#R#snp hemK#194#R#C#snp atpA#488#D#G#snp atpD#254#D#N#snp Rv1318c#267#F#L#snp Rv1319c#439#D#E#snp Rv1320c#531#T#A#snp Rv1321#144#S#R#snp dinG#-85#G#C#snp pncB1#429#G#A#snp mbtK#192#D#A#snp PPE19#158#T#A#snp PPE19#159#A#T#snp Rv1364c#465#A#E#snp Rv1374c#136#T#A#snp Rv1378c#37#R#W#snp cyp132#135#R#L#snp PE_PGRS25#66#R#S#snp Rv1432#-9#T#C#snp Rv1435c#broken opcA#192#R#P#snp tkt#18#Y#D#snp Rv1453#405#P#Q#snp Rv1459c#113#K#E#snp Rv1462#183#N#D#snp Rv1473#534#E#Q#snp fabG1#-15#G#A#snp Rv1486c#198#K#N#snp Rv1498c#191#R#H#snp Rv1500#317#T#I#snp Rv1501#-91#G#A#snp Rv1502#213#Y#C#snp Rv1510#8#R#S#snp Rv1518#86#N#H#snp dinX#306#T#P#snp plsB1#52#A#V#snp frdC#40#M#V#snp treY#112#D#Y#snp Rv1566c#182#5#del bioF1#171#A#G#snp bioD#191#M#T#snp Rv1592c#-29#G#A#snp Rv1597#21#G#D#snp hisB#65#T#P#snp impA#124#P#Q#snp hisI#99#T#I#snp tsnR#232#L#P#snp pheT#506#R#H#snp pks8#1357#A#T#snp Rv1667c#-72#G#GCGCGGCAAGA#ins Rv1674c#189#E#G#snp cycA#93#R#L#snp Rv1716#6#P#L#snp Rv1716#178#S#G#snp Rv1722#15#V#L#snp Rv1733c#68#Q#H#snp Rv1739c#134#R#L#snp Rv1752#-74#G#A#snp PPE24#488#N#T#snp Rv1773c#-19#G#A#snp Rv1774#-47#G#A#snp eccC5#229#Q#R#snp PPE31#223#F#S#snp PPE31#234#V#L#snp PPE33#252#V#L#snp mgtC#-32#C#G#snp Rv1812c#30#L#P#snp Rv1815#83#I#F#snp gnd1#89#2#del blaR#-18#T#C#snp apa#136#F#L#snp adhA#-18#A#AC#ins lldD2#-18#A#C#snp Rv1873#-5#A#C#snp Rv1877#155#V#L#snp Rv1883c#73#-#VCEVT#ins rpfC#16#H#R#snp fbpB#-3#A#G#snp lipJ#204#I#M#snp nanT#229#T#A#snp PPE34#676#S#A#snp Rv1945#387#T#N#snp Rv0466#226#V#I#snp Rv0472c#3#E#G#snp hbhA#161#6#del regX3#-10#TCTCCCCCGCAAGCGGGTGGTGCCC#T#del regX3#-37#A#T#snp mmpL2#426#R#H#snp Rv0515#496#H#P#snp Rv0518#-68#A#C#snp PE_PGRS6#broken Rv0538#228#R#P#snp Rv0540#-42#C#A#snp pitA#49#P#S#snp Rv0556#15#L#R#snp Rv0572c#31#F#L#snp Rv0574c#246#D#N#snp mce2A#51#F#S#snp mce2D#-36#A#C#snp Rv0613c#97#T#I#snp galTa#-80#A#G#snp recC#535#R#M#snp secE1#21#S#T#snp mmaA4#165#N#S#snp mkl#276#E#G#snp Rv0658c#75#L#P#snp rpoB#450#S#L#snp rpoB#731#L#P#snp end#broken mmpL5#948#I#V#snp Rv0696#331#G#C#snp fucA#6#A#D#snp Rv0756c#18#G#E#snp phoR#172#P#L#snp cyp51#331#E#D#snp aldA#449#G#S#snp Rv0785#408#C#F#snp Rv0787#267#Y#H#snp Rv0791c#100#S#C#snp pepC#139#L#R#snp pabC#145#I#M#snp Rv0826#340#E#K#snp Rv0842#44#F#I#snp cysK2#93#G#S#snp fadA#150#S#G#snp PPE13#436#Q#K#snp Rv0881#115#G#R#snp Rv0890c#866#P#A#snp Rv0891c#37#V#G#snp Rv0925c#141#I#T#snp Rv0926c#292#R#S#snp pstA1#5#M#T#snp pstS2#-81#G#A#snp pstB#61#T#M#snp ligD#344#C#R#snp pgi#546#R#H#snp Rv0948c#59#K#T#snp Rv0950c#-28#CCAG#C#del purH#-54#A#G#snp Rv0958#274#S#P#snp lprP#186#P#L#snp Rv0964c#124#P#T#snp Rv0966c#175#V#A#snp accD2#51#N#K#snp pepD#390#L#P#snp dnaA#442#Q#H#snp dnaN#-75#T#C#snp recF#245#I#T#snp gyrA#21#E#Q#snp gyrA#95#S#T#snp gyrA#668#G#D#snp Rv0012#55#D#N#snp Rv0012#233#C#R#snp pknA#385#S#R#snp Rv0021c#-78#G#C#snp Rv0030#broken Rv0031#-31#A#C#snp bioF2#268#I#T#snp Rv0037c#347#M#I#snp ponA1#631#-#P#ins dnaB#552#R#G#snp Rv0059#191#P#L#snp Rv0064#457#G#D#snp Rv0064#733#N#D#snp Rv0068#46#R#G#snp Rv0068#214#V#L#snp ctpA#382#G#E#snp Rv0093c#-93#C#A#snp Rv0094c#256#E#D#snp Rv0094c#262#G#D#snp Rv0094c#276#N#K#snp Rv0094c#303#P#H#snp Rv0094c#-49#G#A#snp Rv0095c#57#D#E#snp Rv0095c#101#T#A#snp ctpB#22#L#S#snp ctpI#1571#S#F#snp Rv0108c#-73#A#AC#ins Rv0111#-88#C#T#snp oxcA#387#S#C#snp fusA2#562#N#S#snp mak#18#S#P#snp ephF#271#G#S#snp Rv0146#196#A#P#snp Rv0149#202#H#Y#snp PE2#291#G#E#snp PE3#14#T#A#snp Rv0161#111#A#V#snp mce1D#265#A#V#snp mce1F#370#L#P#snp Rv0175#138#M#T#snp Rv0181c#220#R#H#snp Rv0192#127#S#P#snp Rv0193c#417#K#E#snp Rv0194#74#M#T#snp mmpL3#354#L#M#snp Rv0218#316#C#R#snp Rv0219#94#E#Q#snp nrdB#33#H#D#snp Rv0235c#143#R#C#snp aftD#1080#S#G#snp Rv0259c#182#A#V#snp Rv0259c#-96#C#A#snp Rv0264c#96#G#A#snp PPE3#337#S#P#snp eccC3#214#P#R#snp eccE3#217#N#D#snp Rv0315#260#K#T#snp Rv0318c#223#G#A#snp Rv0323c#142#S#G#snp cyp135A1#167#K#E#snp Rv0338c#506#R#G#snp Rv0338c#621#A#V#snp PPE8#2436#5#del PPE8#3094#20#del Rv0366c#155#N#K#snp Rv0373c#415#L#R#snp Rv0383c#-84#T#G#snp Rv0387c#-95#A#AC#ins PPE9#broken ndhA#-66#A#G#snp Rv0393#-76#A#G#snp Rv0395#80#V#A#snp lpqK#67#E#K#snp Rv0412c#355#D#Y#snp thiG#75#S#C#snp ctpH#689#M#V#snp ctpH#1492#4#del mcr11#78#G#A#snp mcr3#41#G#A#snp -#51413#G#C#snp -#72800#C#T#snp -#91482#T#C#snp -#91880#C#T#snp -#310557#A#G#snp -#351628#T#C#snp -#378790#CGG#C#del -#413460#GGCC#G#del -#440628#G#A#snp -#447065#AC#A#del -#537341#A#G#snp -#591024#C#A#snp -#591027#G#C#snp -#591028#CTG#C#del -#591083#A#C#snp -#591086#C#G#snp -#591087#C#CTG#ins -#816035#C#CACTACGCTGCCAG#ins -#820845#A#AG#ins -#996320#CGTGCCACCCCCTAG#C#del -#1098900#G#A#snp -#1163457#G#A#snp -#1163458#C#T#snp -#1163649#A#G#snp -#1163655#A#G#snp -#1163658#C#T#snp -#1163662#TTTTG#T#del -#1163676#C#G#snp -#1163679#G#A#snp -#1163681#C#T#snp -#1164216#G#C#snp -#1233087#G#C#snp -#1383428#C#CG#ins -#1529928#GC#G#del -#1530077#T#C#snp -#1583513#A#G#snp -#1658834#G#T#snp -#1730874#A#C#snp -#1793898#G#GA#ins -#1793899#G#A#snp -#1888324#C#CCGG#ins -#1976871#G#A#snp -#2042965#AT#A#del -#2044763#G#GCGCGGCTACAAAAAAGCTTGTATCACTAGCTAGAGTGGAGTCGGT#ins -#2146473#A#C#snp -#2182565#T#C#snp -#2188239#A#G#snp -#2203940#A#AG#ins -#2204007#G#A#snp -#2337023#G#C#snp -#2477544#C#T#snp -#2575246#C#G#snp -#2682695#T#C#snp -#2718737#C#G#snp -#2798497#A#G#snp -#2966058#C#T#snp -#3314899#A#C#snp -#3318210#G#A#snp -#3336253#A#G#snp -#3424486#A#G#snp -#3425069#C#G#snp -#3469053#A#G#snp -#3630137#A#G#snp -#3641566#AG#A#del -#3644052#G#C#snp -#3788511#C#A#snp -#3908178#C#G#snp -#3943547#T#C#snp -#3943894#C#A#snp -#3943911#A#C#snp -#3943942#A#G#snp -#3943947#C#G#snp -#3943968#T#G#snp -#3943975#T#G#snp -#3943986#C#G#snp -#3944006#G#C#snp -#3944016#C#G#snp -#3944022#G#GC#ins -#4117822#CA#C#del -#4277693#G#A#snp -#4377488#A#G#snp -#4378075#G#A#snp 