Rv2956#-62#C#T#snp Rv2959c#73#E#D#snp purU#143#M#L#snp Rv2971#152#N#H#snp Rv2974c#-8#GGC#G#del Rv2975c#broken ddlA#365#T#A#snp gpdA2#269#R#L#snp gltS#121#H#Y#snp Rv2997#284#D#A#snp Rv2998A#-36#G#C#snp lppY#212#M#L#snp cfp6#-10#T#C#snp PE29#64#I#L#snp Rv3026c#287#G#E#snp serB2#116#G#E#snp nrdE#128#V#I#snp cyp136#445#D#G#snp ligB#91#P#S#snp cstA#552#R#P#snp cstA#559#R#S#snp Rv3074#77#A#P#snp atsF#310#G#R#snp Rv3087#447#L#V#snp tgs4#-77#G#C#snp fadD13#-75#C#G#snp Rv3090#291#A#P#snp Rv3091#-35#C#G#snp Rv3093c#210#C#W#snp lipY#58#G#A#snp prfB#-94#C#CT#ins fprA#-9#C#CT#ins Rv3113#134#G#E#snp Rv3114#11#S#P#snp moaE1#-15#T#G#snp cyp141#157#K#E#snp Rv3122#12#G#R#snp moaR1#54#P#S#snp devR#140#A#G#snp Rv3137#168#P#L#snp fadE24#430#I#L#snp PPE52#400#K#Q#snp nuoF#19#P#L#snp nuoG#474#I#M#snp nuoG#604#T#A#snp Rv3161c#62#V#L#snp Rv3190c#138#L#P#snp Rv3193c#279#L#M#snp Rv3204#34#T#A#snp Rv3213c#144#K#E#snp Rv3224A#-59#G#A#snp Rv3233c#-21#C#CG#ins Rv3235#-10#CG#C#del mtrB#517#M#L#snp Rv3249c#broken rubB#15#E#D#snp Rv3256c#109#P#S#snp pmmA#206#S#L#snp manB#152#D#N#snp manB#-83#G#A#snp Rv3272#181#V#M#snp Rv3273#524#R#S#snp usfY#-41#G#A#snp lhr#997#S#N#snp atsB#152#S#G#snp glpD2#-81#C#A#snp lpdA#308#L#S#snp sapM#130#L#F#snp sdhD#54#V#L#snp sdhA#421#G#R#snp sigJ#41#P#Q#snp Rv3329#83#R#H#snp Rv3329#122#Q#H#snp dacB1#-2#G#A#snp sugI#423#P#L#snp Rv3342#240#A#V#snp PPE54#103#E#A#snp PPE54#2157#I#T#snp PPE54#2189#G#S#snp PPE54#2447#L#V#snp PE_PGRS49#broken PE_PGRS50#512#G#D#snp relK#-36#A#C#snp Rv3361c#103#N#T#snp PE_PGRS51#104#28#del otsB2#385#E#Q#snp dxs2#-2#C#CGT#ins idsB#132#V#G#snp vapC46#42#A#T#snp Rv3399#330#A#E#snp Rv3402c#16#A#E#snp Rv3402c#130#L#R#snp vapC47#46#S#L#snp Rv3433c#443#S#A#snp rplM#-85#GT#G#del Rv3446c#-34#A#C#snp eccC4#1082#S#G#snp eccC4#1225#E#A#snp eccD4#335#I#T#snp mycP4#87#T#A#snp Rv3453#broken Rv3454#-77#C#G#snp Rv3454#-96#TA#T#del rmlB3#62#I#V#snp kgtP#81#L#F#snp Rv3479#71#A#G#snp Rv3479#174#L#R#snp Rv3479#-93#G#T#snp Rv3489#-10#G#A#snp otsA#334#V#L#snp fadD18#186#R#H#snp echA19#86#G#D#snp Rv3521#295#N#D#snp Rv3521#-22#C#T#snp ltp4#324#T#I#snp ltp4#-45#T#C#snp Rv3528c#88#G#E#snp Rv3542c#-3#C#T#snp fdxB#473#I#V#snp PPE64#broken fadE32#275#W#S#snp fadE33#30#A#V#snp aspB#269#V#I#snp aspB#358#R#Q#snp hsaB#179#I#T#snp hsaA#-16#G#A#snp Rv3586#288#T#A#snp Rv3591c#111#V#A#snp lpqF#228#A#T#snp ftsH#179#K#Q#snp ftsH#-83#G#A#snp Rv3611#6#P#L#snp espA#192#T#I#snp espA#-41#G#T#snp esxV#20#Q#L#snp esxV#23#S#L#snp PPE65#-3#C#T#snp Rv3630#40#A#T#snp fic#166#2#del Rv3644c#208#V#I#snp Rv3649#93#L#P#snp Rv3649#558#A#G#snp Rv3651#179#I#T#snp Rv3654c#-89#TC#T#del Rv3658c#102#G#S#snp Rv3671c#363#I#V#snp nth#-58#G#A#snp Rv3675#-50#G#A#snp ponA2#780#P#R#snp Rv3691#-9#C#T#snp Rv3699#50#G#E#snp Rv3705c#54#E#D#snp dnaQ#76#G#D#snp dnaQ#211#V#L#snp Rv3718c#-81#T#C#snp Rv3719#12#T#A#snp dnaZX#148#H#Y#snp cut5b#83#A#S#snp Rv3725#176#V#L#snp Rv3726#20#A#G#snp Rv3729#269#P#S#snp ligC#313#R#H#snp Rv3737#40#D#G#snp ctpJ#-17#T#A#snp nmtR#-50#T#A#snp Rv3748#-95#C#CA#ins Rv3750c#-20#AC#A#del Rv3751#51#L#V#snp proW#121#R#W#snp proV#-24#T#C#snp proX#85#L#P#snp tcrY#246#C#R#snp Rv3770c#98#P#A#snp hisC2#142#T#A#snp Rv3776#329#M#V#snp Rv3776#348#A#V#snp Rv3777#160#V#A#snp Rv3779#431#P#S#snp Rv3786c#348#Q#R#snp embC#567#R#H#snp embC#738#R#Q#snp fadD32#227#G#S#snp Rv3818#87#P#A#snp Rv3819#2#M#R#snp Rv3822#36#K#E#snp Rv3829c#-45#G#A#snp Rv3830c#148#P#L#snp Rv3832c#-85#G#A#snp Rv3833#105#V#I#snp Rv3839#122#P#S#snp Rv3839#131#R#Q#snp glpQ1#255#H#Y#snp Rv3847#-23#G#T#snp Rv3856c#306#A#V#snp Rv3860#72#A#V#snp whiB6#-76#AG#A#del eccB1#170#M#I#snp PPE68#-36#C#A#snp eccD1#105#L#V#snp eccA2#215#E#G#snp Rv3888c#56#V#G#snp PPE69#19#T#K#snp eccC2#98#L#F#snp eccC2#99#E#K#snp eccC2#258#R#P#snp Rv3896c#193#Q#K#snp Rv3897c#-15#T#C#snp Rv3898c#broken Rv3900c#21#P#A#snp Rv3903c#-39#G#T#snp esxE#80#G#V#snp Rv3912#214#R#W#snp parA#-57#A#G#snp Rv3920c#-26#G#A#snp Rv3921c#39#A#G#snp Rv2456c#62#V#L#snp mmuM#125#Y#C#snp pepN#800#S#G#snp gdh#1043#S#G#snp Rv2481c#-54#T#C#snp plsC#-76#G#A#snp Rv2484c#466#G#D#snp Rv2488c#200#L#R#snp Rv2488c#1052#Y#C#snp Rv2492#70#A#D#snp bkdC#107#T#A#snp accD1#243#A#V#snp Rv2509#252#A#T#snp Rv2510c#137#P#A#snp Rv2513#122#T#K#snp PE26#330#S#L#snp fas#882#A#V#snp fas#2771#C#R#snp Rv2542#211#T#A#snp lppB#41#K#T#snp lppB#43#P#R#snp lppB#44#H#R#snp lppB#47#G#D#snp Rv2557#103#A#P#snp Rv2560#210#V#L#snp Rv2560#267#A#T#snp Rv2561#broken glnQ#243#M#L#snp Rv2566#610#L#P#snp Rv2567#645#Q#R#snp Rv2571c#163#F#S#snp Rv2578c#161#T#I#snp apt#17#A#P#snp apt#147#A#E#snp Rv2585c#462#C#S#snp ruvC#-79#A#T#snp vapB40#-30#A#T#snp vapC40#77#C#R#snp Rv2600#-51#A#G#snp Rv2611c#102#I#M#snp Rv2611c#197#S#C#snp Rv2621c#12#E#V#snp Rv2622#206#V#I#snp Rv2627c#104#R#G#snp Rv2632c#-77#GGT#G#del Rv2638#64#A#T#snp Rv2650c#3#N#T#snp Rv2650c#82#G#D#snp Rv2650c#101#I#T#snp Rv2672#317#H#D#snp echA15#145#T#N#snp arsB1#378#A#G#snp Rv2688c#156#P#T#snp ceoB#117#T#A#snp ceoB#224#G#E#snp ceoC#133#I#V#snp ceoC#-10#C#T#snp Rv2694c#-70#T#C#snp Rv2695#-79#T#C#snp ppgK#203#I#T#snp ppgK#248#N#H#snp Rv2714#162#P#S#snp Rv2714#245#V#A#snp Rv2719c#124#Y#H#snp fadE20#-86#A#G#snp Rv2729c#202#A#E#snp hsdM#173#G#D#snp hsdM#306#L#P#snp hsdS#119#L#R#snp fabG5#67#D#N#snp PE27#270#V#M#snp PPE44#194#F#S#snp Rv2771c#80#L#P#snp Rv2779c#-34#A#G#snp ald#-32#A#G#snp pepR#355#G#R#snp pptT#87#M#V#snp Rv2802c#182#L#F#snp Rv2804c#22#4#del Rv2804c#26#V#L#snp Rv2804c#73#A#V#snp Rv2804c#132#G#D#snp Rv2805#4#G#D#snp Rv2805#51#4#del Rv2805#55#A#E#snp Rv2807#72#E#V#snp Rv2807#288#K#S#snp Rv2809#-24#C#G#snp Rv2823c#101#-#YIA#ins Rv2824c#16#R#W#snp Rv2825c#2#K#E#snp Rv2825c#162#S#C#snp Rv2827c#71#A#V#snp Rv2828c#141#T#R#snp vapC22#-46#C#T#snp vapB22#56#A#V#snp mapB#2#P#L#snp Rv2862c#50#C#R#snp rip#259#V#F#snp vapC43#54#R#H#snp dipZ#672#Y#D#snp Rv2897c#190#D#E#snp Rv2912c#121#K#M#snp Rv2913c#113#A#G#snp Rv2917#594#R#L#snp smc#437#V#E#snp ppsA#broken ppsB#-25#G#T#snp ppsD#1216#A#T#snp drrB#-99#G#T#snp pks1#-28#G#GGGGCCGC#ins pks15#333#V#A#snp pks15#491#R#P#snp Rv2953#388#R#Q#snp Rv2955c#-61#C#T#snp mce3A#47#A#T#snp mce3F#396#A#E#snp Rv1978#226#S#T#snp ctpG#692#21#del ctpG#713#S#P#snp Rv1999c#240#L#M#snp otsB1#-3#T#C#snp Rv2017#262#A#E#snp Rv2024c#47#W#R#snp Rv2024c#154#D#G#snp pfkB#221#L#F#snp Rv2037c#312#C#Y#snp Rv2038c#114#E#A#snp Rv2039c#131#V#F#snp Rv2044c#broken pks12#172#Y#C#snp pks12#2147#H#Q#snp pks12#3371#G#R#snp pks12#3649#P#A#snp Rv2049c#-77#TGACC#T#del ppm1#518#A#V#snp cobN#504#D#N#snp cobI#-61#CCG#C#del Rv2067c#184#D#G#snp cobM#145#I#M#snp cobL#205#L#P#snp Rv2075c#364#P#Q#snp Rv2076c#25#C#Y#snp Rv2078#6#E#G#snp Rv2079#47#Y#C#snp Rv2082#638#P#R#snp Rv2083#256#L#V#snp Rv2090#358#F#L#snp tatA#-88#C#G#snp pafC#311#Q#E#snp helZ#601#P#Q#snp helZ#944#D#E#snp prcA#135#R#P#snp prcA#182#R#G#snp PPE37#207#L#P#snp metH#818#G#S#snp Rv2125#33#G#S#snp ansP1#9#G#D#snp parD2#-43#C#T#snp murG#36#V#L#snp murD#247#R#G#snp murF#149#A#T#snp Rv2160A#155#C#R#snp Rv2160c#63#V#A#snp PE_PGRS38#-87#T#C#snp idsA2#-98#G#A#snp aroG#265#D#E#snp fadD15#100#T#I#snp fadD15#341#A#S#snp fadD15#556#S#W#snp Rv2190c#274#T#M#snp Rv2206#-31#T#G#snp cobT#207#W#G#snp ephD#298#A#G#snp Rv2223c#324#G#R#snp Rv2226#299#D#N#snp vapC16#-22#C#T#snp ptkA#-95#C#T#snp cobD#79#S#C#snp Rv2239c#18#T#M#snp Rv2242#323#M#T#snp Rv2252#-15#A#G#snp Rv2262c#329#-#V#ins cyp124#151#S#P#snp Rv2267c#90#R#C#snp Rv2272#11#D#G#snp lppO#16#A#S#snp Rv2295#-2#T#TG#ins Rv2295#-4#T#C#snp Rv2302#-57#G#T#snp Rv2307c#24#M#T#snp Rv2315c#318#G#D#snp uspA#127#V#L#snp uspC#219#A#T#snp PE23#282#S#R#snp stp#69#D#Y#snp Rv2337c#119#G#V#snp mmpL9#241#T#A#snp Rv2345#389#V#G#snp esxP#3#T#S#snp esxP#-81#C#T#snp plcC#76#F#S#snp Rv2360c#66#A#T#snp Rv2372c#191#A#G#snp mbtG#357#P#S#snp mbtF#589#E#D#snp ggtB#231#P#S#snp Rv2395#30#N#S#snp cysW#141#G#A#snp subI#76#A#T#snp Rv2402#565#L#P#snp Rv2407#63#-#HSDHIAE#ins Rv2415c#16#A#V#snp Rv2415c#-11#G#A#snp nadD#-44#A#C#snp Rv2423#158#G#E#snp Rv2423#283#S#F#snp Rv2426c#-39#GGCTAGAGGAGACCCGATCGT#G#del ahpC#-88#C#T#snp Rv2433c#26#L#R#snp rbsK#282#V#A#snp proB#226#A#S#snp dctA#-16#A#G#snp rpfE#126#R#Q#snp Rv2454c#293#V#A#snp Rv0987#717#F#V#snp grcC2#321#I#V#snp Rv0990c#54#S#A#snp galU#235#Q#R#snp rimJ#81#D#Y#snp Rv1004c#145#5#del metS#39#R#G#snp tatD#187#T#N#snp lpqT#97#N#S#snp lpqU#225#I#S#snp eno#8#R#G#snp kdpD#368#P#S#snp kdpA#265#L#Q#snp trcS#316#Y#H#snp esxI#20#Q#L#snp esxI#23#S#L#snp Rv1054#86#A#E#snp Rv1055#-55#G#T#snp PE_PGRS19#111#L#W#snp PE_PGRS20#111#L#W#snp Rv1069c#271#T#S#snp Rv1075c#127#G#D#snp Rv1075c#-48#T#C#snp Rv1086#259#S#R#snp PE10#broken glyA1#36#V#A#snp Rv1096#-18#A#G#snp mazF3#65#T#I#snp lytB2#83#E#D#snp Rv1115#186#N#K#snp Rv1116A#42#N#S#snp Rv1117#-61#T#C#snp ephC#89#S#R#snp Rv1125#101#S#G#snp ppdK#69#G#E#snp Rv1128c#270#E#G#snp Rv1129c#-28#T#C#snp prpD#3#D#G#snp PPE16#broken echA11#-19#C#G#snp Rv1144#11#T#S#snp Rv1154c#123#T#A#snp Rv1155#115#S#P#snp pimE#394#P#S#snp fadH#210#C#S#snp fadH#-91#A#G#snp Rv1176c#159#H#R#snp Rv1179c#-40#T#TG#ins Rv1179c#-39#T#C#snp pks4#-43#T#G#snp Rv1184c#-39#C#T#snp Rv1186c#207#P#A#snp Rv1191#137#R#H#snp PPE18#159#T#A#snp PPE18#186#A#V#snp PPE18#384#M#I#snp dapD#52#A#T#snp folP2#-19#T#C#snp Rv1216c#-63#A#G#snp Rv1218c#243#Q#R#snp Rv1218c#259#A#D#snp htrA#-33#A#ACC#ins tatB#8#W#G#snp lpqX#184#R#H#snp Rv1230c#45#S#G#snp Rv1232c#149#C#G#snp lpqY#401#F#S#snp corA#139#K#E#snp Rv1248c#764#V#M#snp deaD#355#S#L#snp pknH#607#R#Q#snp Rv1273c#462#G#K#snp Rv1279#24#S#N#snp cysN#395#T#I#snp hemK#194#R#C#snp alkA#12#I#V#snp Rv1319c#439#D#E#snp Rv1320c#531#T#A#snp Rv1321#144#S#R#snp Rv1324#267#S#C#snp glgB#470#S#P#snp glgP#425#V#M#snp dinG#80#T#K#snp dinG#-85#G#C#snp dinG#-34#TCCCGGC#T#del pncB1#429#G#A#snp irtA#48#A#V#snp Rv1353c#82#I#M#snp moeY#153#V#A#snp PPE19#4#F#V#snp Rv1364c#465#A#E#snp Rv1367c#169#I#V#snp Rv1373#231#P#L#snp Rv1374c#136#T#A#snp Rv1378c#37#R#W#snp pyrC#10#P#L#snp carA#154#S#A#snp cyp132#135#R#L#snp PE_PGRS25#66#R#S#snp Rv1403c#6#P#S#snp Rv1417#58#A#V#snp uvrC#434#V#A#snp Rv1424c#33#R#T#snp Rv1431#65#N#T#snp Rv1432#-9#T#C#snp Rv1435c#broken opcA#192#R#P#snp tal#244#T#A#snp tkt#18#Y#D#snp PE_PGRS27#-9#A#T#snp PE_PGRS27#-6#T#A#snp PE_PGRS28#16#S#L#snp Rv1453#405#P#Q#snp Rv1459c#113#K#E#snp Rv1462#183#N#D#snp Rv1462#294#T#N#snp Rv1486c#2#W#R#snp Rv1486c#198#K#N#snp Rv1487#-61#T#C#snp Rv1498c#191#R#H#snp Rv1502#13#S#P#snp Rv1502#213#Y#C#snp Rv1508c#16#P#S#snp Rv1508A#-17#C#T#snp Rv1516c#37#P#Q#snp Rv1517#188#L#F#snp Rv1517#-79#A#G#snp Rv1520#176#-#IALSVRVSRTSGLLRCGCLACDG#ins Rv1520#177#D#H#snp fadD25#541#H#R#snp mmpL12#381#S#P#snp pks5#119#G#S#snp dnaE1#249#T#I#snp frdC#40#M#V#snp frdC#78#L#R#snp mmpL6#8#G#S#snp ilvA#19#G#R#snp bioD#191#M#T#snp Rv1587c#178#E#D#snp Rv1587c#184#G#D#snp Rv1588c#56#A#T#snp Rv1588c#63#A#T#snp Rv1588c#-97#C#T#snp Rv1592c#322#I#V#snp Rv1597#21#G#D#snp hisB#5#Q#E#snp impA#124#P#Q#snp lgt#312#A#V#snp cya#160#V#L#snp Rv1634#198#G#R#snp Rv1639c#85#E#K#snp infC#broken rpmI#-51#T#G#snp tsnR#232#L#P#snp PE17#285#T#I#snp pheS#276#A#D#snp PE_PGRS30#broken pks8#215#Q#H#snp Rv1667c#-72#G#GCGCGGCAAGA#ins Rv1700#150#Y#H#snp Rv1702c#416#R#L#snp cycA#93#R#L#snp PPE22#313#L#V#snp engA#444#D#H#snp Rv1716#178#S#G#snp Rv1726#298#V#M#snp Rv1733c#68#Q#H#snp Rv1739c#134#R#L#snp pknF#255#A#V#snp PPE24#488#N#T#snp PE_PGRS31#400#G#R#snp Rv1769#401#D#A#snp Rv1770#-51#T#G#snp Rv1776c#-59#C#T#snp cyp144#305#E#Q#snp cyp144#385#C#G#snp cyp144#-42#C#T#snp malQ#broken cyp143#334#G#A#snp PPE25#226#T#R#snp mycP5#438#V#I#snp PPE31#223#F#S#snp PPE31#234#V#L#snp PPE32#301#G#A#snp PPE33#22#G#S#snp PPE33#252#V#L#snp Rv1812c#30#L#P#snp Rv1813c#123#A#T#snp Rv1813c#-72#G#A#snp Rv1815#83#I#F#snp PE_PGRS33#79#A#T#snp Rv1830#-87#G#A#snp Rv1836c#-61#C#A#snp gnd1#89#2#del blaR#-18#T#C#snp apa#136#F#L#snp adhA#-18#A#AC#ins lldD2#59#G#A#snp lldD2#-18#A#C#snp Rv1873#-5#A#C#snp Rv1883c#73#-#VCEVT#ins fbpB#-3#A#G#snp Rv1895#270#V#C#snp lipJ#204#I#M#snp aao#206#Q#K#snp katG#463#R#L#snp fadB5#broken aceAa#179#G#D#snp PPE34#1073#N#D#snp PPE35#896#L#S#snp lppF#-65#T#G#snp fadE17#21#A#V#snp fadE17#-48#G#A#snp Rv1936#68#Q#H#snp Rv1948c#5#G#R#snp Rv1949c#broken vapC35#-98#T#G#snp vapB35#60#V#G#snp Rv0464c#-90#C#T#snp Rv0465c#106#C#R#snp umaA#218#2#del umaA#220#S#E#snp senX3#-65#A#G#snp regX3#-10#TCTCCCCCGCAAGCGGGTGGTGCCC#T#del regX3#-37#A#T#snp Rv0493c#174#S#G#snp Rv0496#28#S#R#snp Rv0504c#42#H#N#snp mmpL2#426#R#H#snp Rv0518#-68#A#C#snp Rv0518#-83#A#C#snp Rv0519c#33#G#D#snp PE_PGRS6#broken Rv0537c#100#G#D#snp Rv0538#228#R#P#snp pitA#49#P#S#snp menD#444#V#M#snp Rv0556#15#L#R#snp gpdA1#-37#A#C#snp Rv0572c#31#F#L#snp Rv0576#233#R#H#snp mce2R#-34#A#G#snp yrbE2B#66#L#M#snp mce2A#51#F#S#snp Rv0590A#-11#G#GC#ins mce2D#-36#A#C#snp mce2D#-51#T#G#snp Rv0613c#12#A#E#snp Rv0613c#487#H#R#snp Rv0615#62#A#V#snp galTb#broken galK#199#C#R#snp galK#-23#T#C#snp Rv0633c#161#R#Q#snp Rv0654#broken vapC6#65#W#L#snp Rv0658c#75#L#P#snp atsD#349#D#G#snp rpoB#-61#G#A#snp mmpL5#794#T#I#snp mmpL5#948#I#V#snp Rv0688#226#G#R#snp Rv0698#-54#A#G#snp fucA#6#A#D#snp serA2#242#R#H#snp serA2#248#V#A#snp Rv0744c#30#M#I#snp Rv0750#41#E#K#snp PPE12#broken phoR#172#P#L#snp Rv0762c#55#V#I#snp cyp51#132#G#A#snp Rv0765c#134#V#A#snp Rv0785#408#C#F#snp Rv0787#267#Y#H#snp pepC#139#L#R#snp purL#387#V#A#snp purF#476#R#L#snp pabC#107#V#A#snp pabC#145#I#M#snp Rv0826#-83#G#A#snp Rv0830#-61#G#A#snp lpqQ#96#W#C#snp pip#231#1#del Rv0845#219#A#E#snp cysK2#93#G#S#snp cysK2#101#A#S#snp pdc#335#A#P#snp fadA#150#S#G#snp Rv0862c#749#L#S#snp PPE13#436#Q#P#snp Rv0881#115#G#R#snp Rv0890c#220#R#C#snp Rv0890c#866#P#A#snp Rv0891c#37#V#G#snp Rv0897c#82#R#W#snp accD3#328#L#P#snp echA6#85#S#F#snp Rv0906#186#P#L#snp ctpE#362#A#G#snp Rv0911#-56#C#A#snp Rv0918#46#S#G#snp Rv0923c#331#P#L#snp Rv0927c#84#A#V#snp pstA1#5#M#T#snp ligD#344#C#R#snp ligD#697#P#L#snp Rv0945#180#R#G#snp Rv0950c#44#D#N#snp purH#-54#A#G#snp Rv0958#274#S#P#snp Rv0959#32#G#A#snp Rv0959#538#A#V#snp lprP#186#P#L#snp Rv0964c#124#P#T#snp Rv0966c#175#V#A#snp ctpV#484#D#N#snp accD2#51#N#K#snp Rv0976c#-17#G#GC#ins PE_PGRS18#broken mprB#339#L#H#snp pepD#390#L#P#snp pepD#-8#C#T#snp dnaN#-75#T#C#snp recF#56#A#V#snp recF#245#I#T#snp Rv0004#47#R#W#snp gyrA#21#E#Q#snp gyrA#95#S#T#snp gyrA#668#G#D#snp Rv0012#233#C#R#snp trpG#68#I#M#snp fhaA#237#6#del Rv0021c#broken whiB5#-45#C#T#snp Rv0029#16#A#V#snp fadD34#269#P#A#snp Rv0039c#24#C#F#snp leuS#734#F#C#snp Rv0045c#194#V#I#snp ino1#190#R#G#snp Rv0048c#250#V#A#snp ponA1#394#A#S#snp ponA1#631#-#PP#ins dnaB#552#R#G#snp Rv0061c#90#P#S#snp celA1#361#P#S#snp Rv0064#457#G#D#snp Rv0064#550#V#F#snp Rv0064#733#N#D#snp icd2#655#G#S#snp Rv0067c#-35#G#T#snp Rv0068#214#V#L#snp Rv0068#-68#G#T#snp Rv0077c#161#N#S#snp Rv0079#-28#T#C#snp Rv0094c#256#E#D#snp Rv0094c#-49#G#A#snp PPE1#138#V#A#snp ctpB#22#L#S#snp Rv0104#402#Y#H#snp Rv0104#477#G#R#snp ctpI#1571#S#F#snp Rv0108c#-73#A#AC#ins oxcA#224#S#G#snp fusA2#562#N#S#snp mak#18#S#P#snp fbpC#158#G#S#snp Rv0144#130#A#T#snp Rv0146#broken PE1#286#G#A#snp PE1#369#G#R#snp PE3#14#T#A#snp PE3#175#S#P#snp PE4#197#F#S#snp mce1R#171#G#P#snp mce1R#173#G#Q#snp yrbE1A#-20#C#T#snp yrbE1B#248#G#C#snp mce1A#313#S#A#snp mce1C#340#G#R#snp mce1F#370#L#P#snp Rv0175#89#R#P#snp sigG#202#V#M#snp mymT#-48#A#G#snp Rv0192#127#S#P#snp Rv0192#259#P#S#snp Rv0193c#417#K#E#snp Rv0193c#433#Y#C#snp Rv0194#74#M#T#snp Rv0209#162#V#A#snp Rv0210#486#A#T#snp Rv0213c#193#D#G#snp Rv0218#316#C#R#snp Rv0221#309#L#P#snp Rv0223c#454#G#S#snp Rv0223c#459#G#R#snp Rv0225#37#S#L#snp Rv0229c#175#R#L#snp fadE4#161#G#A#snp nrdB#33#H#D#snp nrdB#311#A#V#snp aftD#1080#S#G#snp aftD#1117#H#Y#snp Rv0236A#-77#TG#T#del lpqI#-38#TG#T#del vapC24#-92#G#A#snp fadA2#238#R#Q#snp fadE5#374#T#A#snp Rv0246#-92#G#C#snp PPE2#296#L#P#snp Rv0259c#182#A#V#snp Rv0259c#-96#C#A#snp aac#26#Q#P#snp PE_PGRS4#128#N#D#snp PE_PGRS4#130#G#A#snp PE_PGRS4#131#D#P#snp PPE3#337#S#P#snp eccA3#6#E#A#snp eccC3#214#P#R#snp PPE4#52#L#M#snp eccD3#39#R#C#snp eccE3#217#N#D#snp tam#101#W#C#snp atsG#-4#A#G#snp Rv0299#30#A#T#snp Rv0299#-9#C#T#snp PPE5#broken Rv0315#260#K#T#snp Rv0318c#223#G#A#snp Rv0323c#142#S#G#snp Rv0324#168#T#A#snp Rv0325#broken Rv0326#-12#A#G#snp Rv0331#191#P#L#snp Rv0331#-2#A#G#snp Rv0338c#506#R#G#snp Rv0338c#621#A#V#snp Rv0339c#733#D#G#snp Rv0347#34#R#L#snp dnaJ1#76#R#H#snp PPE8#741#D#N#snp PPE8#1920#S#F#snp PPE8#2436#5#del Rv0368c#249#R#H#snp Rv0376c#14#T#P#snp Rv0377#202#V#I#snp Rv0377#-88#A#C#snp Rv0378#broken Rv0383c#-84#T#G#snp Rv0387c#200#A#G#snp Rv0387c#-95#A#AC#ins PPE9#broken Rv0393#177#Q#R#snp Rv0395#80#V#A#snp Rv0397#34#S#R#snp fadD30#529#I#L#snp fadD30#-42#A#C#snp pks6#265#D#Y#snp pks6#-1#G#A#snp pta#122#G#A#snp pta#-44#A#G#snp Rv0412c#355#D#Y#snp thiG#75#S#C#snp lpqM#297#A#T#snp ctpH#689#M#V#snp Rv0428c#139#V#F#snp Rv0428c#149#D#G#snp Rv0435c#294#A#T#snp pssA#167#G#V#snp PPE10#147#W#S#snp Rv0446c#184#F#L#snp Rv0457c#428#T#A#snp F6#31#C#CG#ins mcr11#78#G#A#snp mcr3#41#G#A#snp ncrMT3949#3#C#T#snp -#18354#T#C#snp -#27525#G#C#snp -#72800#C#T#snp -#81750#C#T#snp -#310557#A#G#snp -#323980#CTCGGCGACGATGCGGTCCCGCTGGGGTCCGCTGAGGAGCCGGGCAGTCGGACCTAGT#C#del -#351628#T#C#snp -#354496#T#C#snp -#413488#GAA#G#del -#531357#G#T#snp -#561167#A#G#snp -#564646#T#A#snp -#564647#CA#C#del -#564666#G#T#snp -#564672#A#C#snp -#564675#C#T#snp -#564678#TA#T#del -#564681#C#CT#ins -#576309#G#A#snp -#612416#T#C#snp -#781410#C#A#snp -#790109#T#C#snp -#820845#A#AG#ins -#854279#G#A#snp -#996320#CGTGCCACCCCCTAG#C#del -#1062996#G#A#snp -#1108943#T#G#snp -#1123534#G#A#snp -#1163457#G#A#snp -#1163458#C#T#snp -#1163649#A#G#snp -#1163655#A#G#snp -#1163658#C#T#snp -#1163662#TTTTG#T#del -#1163676#C#G#snp -#1163679#G#A#snp -#1163681#C#T#snp -#1164192#C#T#snp -#1164213#G#A#snp -#1164218#C#CCTGGT#ins -#1164221#CAGGGT#C#del -#1164228#G#C#snp -#1164234#G#T#snp -#1178773#C#T#snp -#1243040#C#T#snp -#1351702#C#CT#ins -#1351709#GT#G#del -#1351712#C#CA#ins -#1351719#GA#G#del -#1351741#C#G#snp -#1485379#A#G#snp -#1529928#GC#G#del -#1529963#T#C#snp -#1530195#G#A#snp -#1583513#A#G#snp -#1658834#G#T#snp -#1730874#A#C#snp -#1773991#G#A#snp -#1779170#A#G#snp -#1779186#G#GT#ins -#1792261#A#G#snp -#1870055#G#C#snp -#1888324#C#CCGG#ins -#1894965#C#G#snp -#2042965#AT#A#del -#2044469#CT#C#del -#2053500#G#GC#ins -#2122164#GC#G#del -#2146473#A#C#snp -#2151432#G#A#snp -#2182565#T#C#snp -#2188239#A#G#snp -#2203940#A#AG#ins -#2252627#G#T#snp -#2253423#A#G#snp -#2258348#A#C#snp -#2269282#G#A#snp -#2302642#T#G#snp -#2394506#C#T#snp -#2464533#A#C#snp -#2477544#C#T#snp -#2546591#A#AACGGCGGGGCCGGCGGACCCG#ins -#2547948#C#A#snp -#2575246#C#G#snp -#2675793#A#G#snp -#2682695#T#C#snp -#2730385#C#T#snp -#2798497#A#G#snp -#2818201#C#T#snp -#3070237#T#C#snp -#3129548#C#T#snp -#3135575#A#G#snp -#3148673#G#A#snp -#3196425#CA#C#del -#3246961#T#C#snp -#3247196#C#T#snp -#3263273#T#C#snp -#3297799#G#T#snp -#3314899#A#C#snp -#3316042#T#C#snp -#3336253#A#G#snp -#3387621#G#C#snp -#3425069#C#G#snp -#3468916#G#T#snp -#3476921#C#A#snp -#3477302#G#C#snp -#3557270#TG#T#del -#3563537#A#G#snp -#3630137#A#G#snp -#3644118#C#T#snp -#3644193#T#C#snp -#3661498#G#GC#ins -#3661500#G#T#snp -#3788369#G#A#snp -#3845877#T#C#snp -#3908178#C#G#snp -#3943894#C#A#snp -#3943911#A#C#snp -#3943942#A#G#snp -#3943947#C#G#snp -#3943968#T#G#snp -#3943975#T#G#snp -#3943986#C#G#snp -#3944006#G#C#snp -#3944016#C#G#snp -#3944022#G#GC#ins -#3955907#CA#C#del -#4041646#G#C#snp -#4043401#GCAACACCGGCAGCAT#G#del -#4043814#C#A#snp -#4044555#GCCGGCAGCTACAACATCGGCTTCGCGAACTTCGGCAGCGACAACCTGGGCTTTGCCAACA#G#del -#4072302#C#G#snp -#4082963#C#G#snp -#4131941#AGCAGACGCAAAATCGCCCAATTCGGCACGAAATTGGGCGATTTTGCGTCTGCTCGCCAGGCCTAGGCCGAGGCCG#A#del -#4180954#G#GA#ins -#4230442#G#A#snp -#4239040#G#C#snp -#4262127#C#T#snp -#4277693#G#A#snp -#4358110#C#T#snp -#4363329#A#ACC#ins -#4377488#A#G#snp -#4384573#G#C#snp -#4384575#G#C#snp -#4384779#CG#C#del -#4409683#G#T#snp 