Rv2956#-62#C#T#snp
Rv2971#208#V#I#snp
ddlA#365#T#A#snp
lppY#212#M#L#snp
cfp6#-10#T#C#snp
serB2#116#G#E#snp
fecB#106#L#M#snp
Rv3057c#141#R#P#snp
ligB#91#P#S#snp
cstA#330#A#S#snp
cstA#559#R#S#snp
atsF#310#G#R#snp
Rv3091#184#1#del
Rv3093c#210#C#W#snp
Rv3098A#broken
prfB#-94#C#CT#ins
fprA#-9#C#CT#ins
cyp141#157#K#E#snp
Rv3127#183#S#L#snp
Rv3137#168#P#L#snp
nuoG#472#V#I#snp
nuoG#474#I#M#snp
nuoG#604#T#A#snp
Rv3190c#138#L#P#snp
Rv3201c#783#P#S#snp
Rv3204#34#T#A#snp
Rv3213c#144#K#E#snp
Rv3235#88#R#P#snp
tmk#-11#A#C#snp
atsB#319#L#R#snp
glpD2#-81#C#A#snp
lpdA#407#R#Q#snp
sdhD#54#V#L#snp
sigJ#41#P#Q#snp
sugI#423#P#L#snp
Rv3335c#-79#A#G#snp
trpS#318#H#R#snp
PPE54#103#E#A#snp
PPE54#396#I#T#snp
PPE54#420#V#A#snp
PPE54#421#L#F#snp
PPE54#2157#I#T#snp
Rv3371#27#A#V#snp
Rv3371#359#P#A#snp
idsB#132#V#G#snp
Rv3399#330#A#E#snp
vapC47#46#S#L#snp
Rv3433c#266#T#I#snp
rplM#-85#GT#G#del
eccC4#1082#S#G#snp
Rv3467#315#K#E#snp
rmlB3#62#I#V#snp
Rv3479#174#L#R#snp
Rv3485c#-52#C#T#snp
fadD17#252#V#A#snp
PE_PGRS54#23#S#L#snp
echA19#86#G#D#snp
Rv3520c#228#I#V#snp
Rv3521#295#N#D#snp
ltp4#324#T#I#snp
ltp4#-45#T#C#snp
hsaF#264#D#N#snp
cyp125#24#P#L#snp
hsaA#-4#G#GT#ins
espA#192#T#I#snp
Rv3630#40#A#T#snp
Rv3654c#-89#TC#T#del
acs#544#L#V#snp
Rv3705A#28#P#L#snp
dnaQ#211#V#L#snp
Rv3718c#-81#T#C#snp
Rv3719#12#T#A#snp
ligC#313#R#H#snp
Rv3737#40#D#G#snp
Rv3750c#-20#AC#A#del
proV#-24#T#C#snp
tcrY#246#C#R#snp
Rv3776#329#M#V#snp
Rv3785#119#G#R#snp
embC#775#D#N#snp
fadD32#307#P#L#snp
aftB#88#M#I#snp
PE_PGRS62#378#A#V#snp
pheA#205#V#M#snp
bfrB#146#A#V#snp
Rv3850#-79#C#A#snp
whiB6#-76#AG#A#del
PPE68#-36#C#A#snp
PPE69#19#T#K#snp
eccC2#258#R#P#snp
Rv3896c#193#Q#K#snp
Rv3899c#187#A#V#snp
Rv3910#169#T#S#snp
mmuM#125#Y#C#snp
gdh#1043#S#G#snp
Rv2481c#-54#T#C#snp
plsB2#778#C#R#snp
bkdC#107#T#A#snp
accA1#195#D#E#snp
scoB#174#-#IVTELAVIDVCADGLHLVQTAPGVSV#ins
Rv2513#122#T#K#snp
Rv2517c#-91#C#T#snp
fas#456#E#D#snp
Rv2542#211#T#A#snp
aroE#153#K#T#snp
Rv2566#610#L#P#snp
Rv2567#645#Q#R#snp
relA#121#M#L#snp
apt#147#A#E#snp
Rv2585c#462#C#S#snp
secD#24#I#T#snp
Rv2600#-51#A#G#snp
Rv2611c#102#I#M#snp
Rv2611c#197#S#C#snp
Rv2627c#104#R#G#snp
Rv2638#-21#C#T#snp
Rv2646#215#D#E#snp
Rv2650c#101#I#T#snp
Rv2652c#-33#G#A#snp
Rv2652c#-21#C#T#snp
Rv2655c#235#E#A#snp
Rv2688c#156#P#T#snp
Rv2690c#409#F#V#snp
ceoB#117#T#A#snp
suhB#257#A#V#snp
ppgK#203#I#T#snp
Rv2706c#-58#C#G#snp
Rv2707#-58#C#G#snp
PPE44#376#M#V#snp
Rv2771c#80#L#P#snp
Rv2787#215#L#F#snp
pptT#87#M#V#snp
Rv2823c#101#-#YIA#ins
Rv2823c#-20#GA#G#del
Rv2825c#2#K#E#snp
vapC22#-46#C#T#snp
vapB22#56#A#V#snp
vapC23#115#T#M#snp
Rv2867c#-35#A#G#snp
dipZ#672#Y#D#snp
Rv2896c#325#E#A#snp
fdhF#134#A#V#snp
Rv2917#594#R#L#snp
ppsA#broken
pks1#323#H#Y#snp
pks15#333#V#A#snp
fadD22#237#P#L#snp
Rv2955c#301#Q#R#snp
Rv2955c#-61#C#T#snp
mce3F#396#A#E#snp
Rv1976c#64#E#D#snp
otsB1#-3#T#C#snp
Rv2017#262#A#E#snp
Rv2024c#47#W#R#snp
Rv2024c#154#D#G#snp
Rv2024c#172#Q#H#snp
Rv2037c#312#C#Y#snp
Rv2039c#131#V#F#snp
pks12#2147#H#Q#snp
pks12#3649#P#A#snp
pks12#3682#C#R#snp
cobL#205#L#P#snp
Rv2075c#291#P#A#snp
Rv2079#47#Y#C#snp
Rv2082#638#P#R#snp
Rv2083#182#G#A#snp
Rv2083#256#L#V#snp
pafC#214#P#L#snp
helZ#433#S#G#snp
helZ#601#P#Q#snp
Rv2106#broken
prcB#211#Y#H#snp
Rv2125#33#G#S#snp
murD#247#R#G#snp
Rv2159c#73#A#V#snp
PE_PGRS38#-87#T#C#snp
Rv2168c#-52#C#CAGCCGGGTCGTCACCGGCTGTCGGCGATATTGAGTCCGGTT#ins
Rv2191#63#P#L#snp
qcrA#-33#C#T#snp
dlaT#368#E#K#snp
Rv2226#299#D#N#snp
ptpA#127#P#A#snp
cobD#79#S#C#snp
Rv2262c#329#-#V#ins
Rv2283#40#-#PRSQIRESPDSPG#ins
Rv2283#41#I#F#snp
Rv2283#42#E#K#snp
lipM#-81#C#T#snp
lipM#-83#A#AACCGCCCCGGTGAGTCCGGAGACTCTCTGATCTGAGACC#ins
Rv2324#72#I#T#snp
lppP#10#-#ILA#ins
Rv2337c#119#G#V#snp
Rv2372c#89#E#K#snp
mbtF#589#E#D#snp
sirA#-36#G#A#snp
cysW#141#G#A#snp
PE24#-27#GA#G#del
Rv2415c#-11#G#A#snp
nadD#-44#A#C#snp
rbsK#282#V#A#snp
rpfE#126#R#Q#snp
grcC2#321#I#V#snp
galU#3#R#C#snp
galU#235#Q#R#snp
Rv1004c#150#G#D#snp
metS#39#R#G#snp
tatD#187#T#N#snp
kdpD#368#P#S#snp
kdpA#510#I#V#snp
trcR#-23#A#G#snp
Rv1045#8#P#L#snp
PE_PGRS20#-75#G#A#snp
fadA3#354#G#A#snp
Rv1075c#-48#T#C#snp
glyA1#36#V#A#snp
Rv1096#-18#A#G#snp
Rv1154c#123#T#A#snp
Rv1157c#248#I#V#snp
Rv1159A#25#V#G#snp
Rv1179c#-40#T#TG#ins
Rv1179c#-39#T#C#snp
pks4#-43#T#G#snp
Rv1186c#207#P#A#snp
Rv1186c#220#L#P#snp
esxL#33#R#S#snp
htrA#-33#A#AC#ins
Rv1230c#45#S#G#snp
Rv1232c#149#C#G#snp
sugA#50#W#G#snp
corA#139#K#E#snp
cyp130#300#D#N#snp
pknH#607#R#Q#snp
Rv1272c#333#Q#S#snp
hemK#194#R#C#snp
Rv1319c#345#A#D#snp
Rv1320c#472#T#S#snp
Rv1320c#531#T#A#snp
Rv1321#144#S#R#snp
dinG#-85#G#C#snp
pncB1#429#G#A#snp
cysO#28#L#F#snp
Rv1359#-68#C#A#snp
PPE19#259#A#T#snp
PPE19#260#S#N#snp
PPE19#274#-#A#ins
PPE19#278#E#Q#snp
PPE19#291#4#del
Rv1364c#465#A#E#snp
Rv1374c#136#T#A#snp
Rv1378c#37#R#W#snp
carB#38#R#C#snp
gmk#149#Q#E#snp
cyp132#135#R#L#snp
fmu#111#S#W#snp
P55#419#T#I#snp
Rv1432#-9#T#C#snp
Rv1435c#broken
tkt#18#Y#D#snp
Rv1453#405#P#Q#snp
Rv1462#183#N#D#snp
hemZ#22#P#A#snp
Rv1486c#198#K#N#snp
Rv1490#337#S#P#snp
Rv1498c#191#R#H#snp
Rv1502#213#Y#C#snp
Rv1506c#-21#G#C#snp
Rv1507c#32#D#G#snp
Rv1507c#174#Y#H#snp
Rv1507A#-28#A#G#snp
Rv1510#170#W#G#snp
Rv1520#214#D#A#snp
Rv1543#186#F#V#snp
frdC#40#M#V#snp
frdC#57#L#F#snp
mmpL6#4#I#D#snp
treZ#311#4#del
treX#337#P#T#snp
Rv1565c#444#K#N#snp
bioD#191#M#T#snp
Rv1588c#6#R#W#snp
Rv1590#11#A#V#snp
Rv1597#21#G#D#snp
impA#124#P#Q#snp
cydA#309#V#M#snp
coaE#291#H#R#snp
Rv1639c#63#A#S#snp
tsnR#232#L#P#snp
PE_PGRS30#broken
pks7#130#E#Q#snp
pks7#1731#Q#E#snp
pks8#255#K#R#snp
pks8#1357#A#T#snp
Rv1667c#-72#G#GCGCGGCAAGA#ins
Rv1678#52#R#C#snp
cycA#93#R#L#snp
Rv1718#192#P#H#snp
Rv1733c#68#Q#H#snp
Rv1739c#134#R#L#snp
vapB34#28#G#R#snp
Rv1772#-34#G#A#snp
PPE29#18#2#del
PPE31#223#F#S#snp
PPE31#234#V#L#snp
PPE33#252#V#L#snp
Rv1812c#30#L#P#snp
Rv1815#83#I#F#snp
pgsA2#175#A#T#snp
gcvB#54#P#L#snp
vapB13#-33#C#T#snp
gnd1#89#2#del
blaR#-18#T#C#snp
adhA#-18#A#AC#ins
Rv1883c#73#-#VCEVT#ins
fbpB#-3#A#G#snp
Rv1887#124#I#V#snp
lipJ#204#I#M#snp
PPE34#676#S#A#snp
Rv1944c#4#D#E#snp
Rv1944c#5#T#A#snp
Rv1945#326#N#H#snp
Rv1945#328#H#N#snp
Rv1945#-66#T#G#snp
Rv1945#-67#A#G#snp
regX3#-10#TCTCCCCCGCAAGCGGGTGGTGCCC#T#del
regX3#-37#A#T#snp
mmpL2#426#R#H#snp
Rv0518#-68#A#C#snp
ccsA#61#P#L#snp
Rv0538#228#R#P#snp
pitA#49#P#S#snp
Rv0556#15#L#R#snp
Rv0572c#31#F#L#snp
mce2R#99#S#F#snp
mce2A#51#F#S#snp
mce2D#-36#A#C#snp
Rv0601c#16#F#L#snp
Rv0613c#113#A#V#snp
Rv0622#181#G#A#snp
Rv0633c#147#G#D#snp
Rv0648#231#V#I#snp
Rv0648#509#S#T#snp
Rv0658c#75#L#P#snp
mmpS5#78#P#L#snp
lldD1#303#Q#K#snp
Rv0696#354#M#V#snp
rpmC#5#V#A#snp
mmsA#342#V#M#snp
PE_PGRS11#470#H#Y#snp
phoR#172#P#L#snp
phoR#468#R#C#snp
emrB#191#I#M#snp
Rv0785#408#C#F#snp
Rv0787#267#Y#H#snp
pepC#139#L#R#snp
Rv0802c#167#G#S#snp
pabC#145#I#M#snp
mshD#185#A#V#snp
cysK2#93#G#S#snp
fadA#150#S#G#snp
ercc3#516#A#G#snp
Rv0881#115#G#R#snp
Rv0890c#866#P#A#snp
Rv0891c#37#V#G#snp
Rv0913c#436#Y#H#snp
pstA1#5#M#T#snp
pstC1#221#M#L#snp
ligD#344#C#R#snp
uvrD1#299#T#A#snp
purH#-54#A#G#snp
Rv0958#274#S#P#snp
lprP#186#P#L#snp
Rv0964c#124#P#T#snp
Rv0966c#175#V#A#snp
accD2#51#N#K#snp
pepD#390#L#P#snp
dnaN#-75#T#C#snp
recF#245#I#T#snp
gyrA#21#E#Q#snp
gyrA#95#S#T#snp
gyrA#250#S#A#snp
gyrA#668#G#D#snp
Rv0011c#11#D#H#snp
Rv0012#233#C#R#snp
pbpA#203#D#N#snp
pbpA#361#I#V#snp
Rv0021c#-78#G#C#snp
fadD34#broken
Rv0042c#90#I#L#snp
ponA1#631#P#S#snp
dnaB#552#R#G#snp
Rv0064#457#G#D#snp
Rv0064#733#N#D#snp
Rv0068#214#V#L#snp
Rv0083#80#L#V#snp
mtn#130#P#A#snp
Rv0094c#-49#G#A#snp
fcoT#124#S#L#snp
ctpB#22#L#S#snp
Rv0104#160#F#V#snp
ctpI#326#V#M#snp
ctpI#1571#S#F#snp
Rv0108c#-73#A#AC#ins
fadD7#144#T#P#snp
fusA2#562#N#S#snp
mak#18#S#P#snp
Rv0143c#280#V#M#snp
PE2#103#R#H#snp
Rv0158#-15#G#A#snp
PE3#14#T#A#snp
PE3#425#P#S#snp
Rv0161#434#A#V#snp
mce1F#5#F#V#snp
mce1F#370#L#P#snp
Rv0175#9#S#G#snp
Rv0175#14#D#G#snp
Rv0175#16#T#L#snp
Rv0175#17#G#N#snp
Rv0175#18#-#PADANKSSS#ins
Rv0175#19#Q#E#snp
Rv0178#183#E#Q#snp
Rv0192#127#S#P#snp
Rv0193c#417#K#E#snp
Rv0194#74#M#T#snp
fadD4#267#G#S#snp
Rv0218#316#C#R#snp
nrdB#33#H#D#snp
aftD#1193#E#K#snp
lpqI#349#P#R#snp
vapC24#22#1#del
fadE5#420#Q#H#snp
Rv0249c#17#T#P#snp
Rv0259c#182#A#V#snp
Rv0259c#-96#C#A#snp
narK3#409#V#I#snp
oplA#189#L#F#snp
fadD2#158#G#N#snp
eccC3#214#P#R#snp
eccE3#217#N#D#snp
Rv0302#141#R#L#snp
PPE5#1541#5#del
Rv0315#260#K#T#snp
Rv0318c#223#G#A#snp
Rv0323c#142#S#G#snp
Rv0338c#506#R#G#snp
Rv0338c#621#A#V#snp
iniB#broken
Rv0349#111#C#W#snp
PPE8#541#G#S#snp
PPE8#2436#5#del
PPE8#3027#F#C#snp
PPE8#3264#G#R#snp
Rv0383c#-84#T#G#snp
clpB#466#E#K#snp
Rv0387c#-95#A#AC#ins
PPE9#broken
Rv0393#319#C#W#snp
Rv0393#-31#A#AAAGGCCCAC#ins
Rv0395#80#V#A#snp
thiS#30#R#Q#snp
thiG#75#S#C#snp
ctpH#689#M#V#snp
Rv0430#-50#C#CT#ins
Rv0441c#-86#C#A#snp
PPE10#274#F#L#snp
PPE10#469#P#T#snp
mcr11#78#G#A#snp
mcr3#41#G#A#snp
-#72800#C#T#snp
-#310557#A#G#snp
-#351628#T#C#snp
-#820845#A#AG#ins
-#943710#G#GGA#ins
-#989931#C#T#snp
-#996320#CGTGCCACCCCCTAG#C#del
-#1163457#G#A#snp
-#1163458#C#T#snp
-#1163649#A#G#snp
-#1163655#A#G#snp
-#1163658#C#T#snp
-#1163662#TTTTG#T#del
-#1163676#C#G#snp
-#1163679#G#A#snp
-#1163681#C#T#snp
-#1164216#G#C#snp
-#1171724#TG#T#del
-#1583513#A#G#snp
-#1658834#G#T#snp
-#1730874#A#C#snp
-#1888324#C#CCGG#ins
-#2042965#AT#A#del
-#2044763#G#GCGCGGCTACAAAAAAGCTTGTATCACTAGCTAGAGTGGAGTCGGT#ins
-#2053428#C#G#snp
-#2146473#A#C#snp
-#2151144#G#A#snp
-#2182565#T#C#snp
-#2188239#A#G#snp
-#2203940#A#AG#ins
-#2477544#C#T#snp
-#2546834#G#A#snp
-#2575246#C#G#snp
-#2682695#T#C#snp
-#2798497#A#G#snp
-#2798884#A#AATCCCTGGCGCACCGGTACCG#ins
-#3054418#G#A#snp
-#3179469#T#G#snp
-#3188666#A#G#snp
-#3232760#C#T#snp
-#3314899#A#C#snp
-#3336253#A#G#snp
-#3354616#A#C#snp
-#3425069#C#G#snp
-#3495108#C#T#snp
-#3557270#TG#T#del
-#3630137#A#G#snp
-#3697703#A#C#snp
-#3908178#C#G#snp
-#3943894#C#A#snp
-#3943911#A#C#snp
-#3943942#A#G#snp
-#3943947#C#G#snp
-#3943968#T#G#snp
-#3943975#T#G#snp
-#3943986#C#G#snp
-#3944006#G#C#snp
-#3944016#C#G#snp
-#3944022#G#GC#ins
-#4002211#AC#A#del
-#4277693#G#A#snp
-#4287638#G#A#snp
-#4372906#C#G#snp
-#4373643#C#CG#ins
-#4377468#C#T#snp
-#4377488#A#G#snp
-#4377570#G#T#snp
